#Layer_Color=32768
#
#Feature symbol names
#
$0 r1.9685
$1 r3.937
$2 r7.874

#
#Feature attribute names
#

#
#Layer features
#
L 0.0015794 1.3720497 0.0015794 1.6988213 0 P 0
L 0.0015794 1.3720497 0.4318866 1.3720497 0 P 0
L 0.0015794 1.6988213 0.4318866 1.6988213 0 P 0
L 0.024019 1.0177142 0.024019 1.3444874 0 P 0
L 0.024019 1.0177142 0.4543262 1.0177142 0 P 0
L 0.024019 1.3444858 0.4543262 1.3444858 0 P 0
L 0.2082678 1.1811024 0.2476378 1.1811024 1 P 0
L 0.2082678 1.5354331 0.2476378 1.5354331 1 P 0
L 0.2279528 1.1614174 0.2279528 1.2007874 1 P 0
L 0.2279528 1.5157481 0.2279528 1.5551181 1 P 0
L 0.4318866 1.3720481 0.4318866 1.6988213 0 P 0
L 0.4543262 1.0177142 0.4543262 1.3444858 0 P 0
L 0.4606297 0.511811 0.4606297 0.6692913 0 P 0
L 0.4606297 0.511811 0.6417321 0.511811 0 P 0
L 0.4606297 0.6692913 0.6417321 0.6692913 0 P 0
L 0.4808626 0.436301 0.5596028 0.2999191 0 P 0
L 0.4808626 0.436301 0.6377019 0.5268522 0 P 0
L 0.4808626 0.7448013 0.5596027 0.8811832 0 P 0
L 0.4808626 0.7448013 0.6377018 0.6542501 0 P 0
L 0.5314959 0.5905512 0.5708659 0.5905512 1 P 0
L 0.5511809 0.5708661 0.5511809 0.6102362 1 P 0
L 0.5596027 0.8811832 0.716442 0.790632 0 P 0
L 0.5596028 0.2999191 0.716442 0.3904703 0 P 0
L 0.5816046 0.4035432 0.6157 0.4232282 1 P 0
L 0.5816046 0.7775592 0.6157 0.7578742 1 P 0
L 0.5888097 0.7506689 0.6084948 0.7847644 1 P 0
L 0.5888098 0.4304334 0.6084949 0.3963379 1 P 0
L 0.6148798 0.2446421 0.705431 0.4014814 0 P 0
L 0.6148798 0.2446421 0.7512617 0.165902 0 P 0
L 0.6377018 0.6542501 0.716442 0.790632 0 P 0
L 0.6377019 0.5268522 0.716442 0.3904703 0 P 0
L 0.6417321 0.511811 0.6417321 0.6692913 0 P 0
L 0.705431 0.4014814 0.8418129 0.3227412 0 P 0
L 0.7112986 0.2935342 0.7453941 0.2738491 1 P 0
L 0.7185038 0.266644 0.7381888 0.3007394 1 P 0
L 0.7512617 0.165902 0.8418129 0.3227412 0 P 0
L 0.8180328 1.1314392 0.8185481 1.0330154 0 P 0
L 0.8180328 1.1314392 0.9873219 1.1323256 0 P 0
L 0.8185481 1.0330154 0.9878372 1.0339018 0 P 0
L 0.8267716 0.8543309 0.8267716 1.0354333 0 P 0
L 0.8267716 0.8543309 0.9842519 0.8543309 0 P 0
L 0.8267716 1.0354333 0.9842519 1.0354333 0 P 0
L 0.8267717 0.1456691 0.8267717 0.3267715 0 P 0
L 0.8267717 0.1456691 0.984252 0.1456691 0 P 0
L 0.8267717 0.3267715 0.984252 0.3267715 0 P 0
L 0.8832502 1.0825674 0.9226197 1.0827736 1 P 0
L 0.8858267 0.9448821 0.9251968 0.9448821 1 P 0
L 0.8858268 0.2362203 0.9251969 0.2362203 1 P 0
L 0.9028319 1.1023552 0.9030381 1.0629857 1 P 0
L 0.9055118 0.2165353 0.9055118 0.2559053 1 P 0
L 0.9055118 0.9251971 0.9055118 0.9645671 1 P 0
L 0.9692107 0.8583612 1.0597619 1.0152004 0 P 0
L 0.9692107 0.8583612 1.1055926 0.779621 0 P 0
L 0.9692108 0.3227413 1.059762 0.165902 0 P 0
L 0.9692108 0.3227413 1.1055927 0.4014814 0 P 0
L 0.9842519 0.8543309 0.9842519 1.0354333 0 P 0
L 0.984252 0.1456691 0.984252 0.3267715 0 P 0
L 0.9873219 1.1323256 0.9878372 1.0339018 0 P 0
L 1.0597619 1.0152004 1.1961438 0.9364603 0 P 0
L 1.059762 0.165902 1.1961439 0.2446422 0 P 0
L 1.0656295 0.9072533 1.099725 0.8875682 1 P 0
L 1.0656296 0.2738492 1.0997251 0.2935343 1 P 0
L 1.0728348 0.3007394 1.0925198 0.266644 1 P 0
L 1.0728348 0.880363 1.0925198 0.9144584 1 P 0
L 1.0945816 0.3904704 1.1733218 0.5268523 0 P 0
L 1.0945816 0.3904704 1.2514209 0.2999192 0 P 0
L 1.0945816 0.7906321 1.1733217 0.6542502 0 P 0
L 1.0945816 0.7906321 1.2514208 0.8811833 0 P 0
L 1.1055926 0.779621 1.1961438 0.9364603 0 P 0
L 1.1055927 0.4014814 1.1961439 0.2446422 0 P 0
L 1.1692915 0.5118111 1.1692915 0.6692914 0 P 0
L 1.1692915 0.5118111 1.3503939 0.5118111 0 P 0
L 1.1692915 0.6692914 1.3503939 0.6692914 0 P 0
L 1.1733217 0.6542502 1.330161 0.7448014 0 P 0
L 1.1733218 0.5268523 1.330161 0.4363011 0 P 0
L 1.1953236 0.4232282 1.229419 0.4035432 1 P 0
L 1.1953236 0.7578742 1.229419 0.7775592 1 P 0
L 1.2025287 0.7847645 1.2222138 0.750669 1 P 0
L 1.2025288 0.396338 1.2222139 0.4304335 1 P 0
L 1.2401577 0.5905512 1.2795277 0.5905512 1 P 0
L 1.2514208 0.8811833 1.330161 0.7448014 0 P 0
L 1.2514209 0.2999192 1.330161 0.4363011 0 P 0
L 1.2598427 0.5708662 1.2598427 0.6102363 1 P 0
L 1.3503939 0.5118111 1.3503939 0.6692914 0 P 0
L 1.3661415 0.511811 1.3661415 0.6692913 0 P 0
L 1.3661415 0.511811 1.5472439 0.511811 0 P 0
L 1.3661415 0.6692913 1.5472439 0.6692913 0 P 0
L 1.3863744 0.436301 1.4651146 0.2999191 0 P 0
L 1.3863744 0.436301 1.5432137 0.5268522 0 P 0
L 1.3863744 0.7448013 1.4651145 0.8811832 0 P 0
L 1.3863744 0.7448013 1.5432136 0.6542501 0 P 0
L 1.4370077 0.5905512 1.4763777 0.5905512 1 P 0
L 1.4566927 0.5708661 1.4566927 0.6102362 1 P 0
L 1.4651145 0.8811832 1.6219538 0.790632 0 P 0
L 1.4651146 0.2999191 1.6219538 0.3904703 0 P 0
L 1.4871164 0.4035432 1.5212118 0.4232282 1 P 0
L 1.4871164 0.7775592 1.5212118 0.7578742 1 P 0
L 1.4943215 0.7506689 1.5140066 0.7847644 1 P 0
L 1.4943216 0.4304334 1.5140067 0.3963379 1 P 0
L 1.5203916 0.2446421 1.6109428 0.4014814 0 P 0
L 1.5203916 0.2446421 1.6567735 0.165902 0 P 0
L 1.5432136 0.6542501 1.6219538 0.790632 0 P 0
L 1.5432137 0.5268522 1.6219538 0.3904703 0 P 0
L 1.5472439 0.511811 1.5472439 0.6692913 0 P 0
L 1.6109428 0.4014814 1.7473247 0.3227412 0 P 0
L 1.6168104 0.2935342 1.6509059 0.2738491 1 P 0
L 1.6240156 0.266644 1.6437006 0.3007394 1 P 0
L 1.6567735 0.165902 1.7473247 0.3227412 0 P 0
L 1.7235446 1.1314392 1.7240599 1.0330154 0 P 0
L 1.7235446 1.1314392 1.8928337 1.1323256 0 P 0
L 1.7240599 1.0330154 1.893349 1.0339018 0 P 0
L 1.7322834 0.8543309 1.7322834 1.0354333 0 P 0
L 1.7322834 0.8543309 1.8897637 0.8543309 0 P 0
L 1.7322834 1.0354333 1.8897637 1.0354333 0 P 0
L 1.7322835 0.1456691 1.7322835 0.3267715 0 P 0
L 1.7322835 0.1456691 1.8897638 0.1456691 0 P 0
L 1.7322835 0.3267715 1.8897638 0.3267715 0 P 0
L 1.788762 1.0825674 1.8281315 1.0827736 1 P 0
L 1.7913385 0.9448821 1.8307086 0.9448821 1 P 0
L 1.7913386 0.2362203 1.8307087 0.2362203 1 P 0
L 1.8083437 1.1023552 1.8085499 1.0629857 1 P 0
L 1.8110236 0.2165353 1.8110236 0.2559053 1 P 0
L 1.8110236 0.9251971 1.8110236 0.9645671 1 P 0
L 1.8747225 0.8583612 1.9652737 1.0152004 0 P 0
L 1.8747225 0.8583612 2.0111044 0.779621 0 P 0
L 1.8747226 0.3227413 1.9652738 0.165902 0 P 0
L 1.8747226 0.3227413 2.0111045 0.4014814 0 P 0
L 1.8897637 0.8543309 1.8897637 1.0354333 0 P 0
L 1.8897638 0.1456691 1.8897638 0.3267715 0 P 0
L 1.8928337 1.1323256 1.893349 1.0339018 0 P 0
L 1.9652737 1.0152004 2.1016556 0.9364603 0 P 0
L 1.9652738 0.165902 2.1016557 0.2446422 0 P 0
L 1.9711413 0.9072533 2.0052368 0.8875682 1 P 0
L 1.9711414 0.2738492 2.0052369 0.2935343 1 P 0
L 1.9783466 0.3007394 1.9980316 0.266644 1 P 0
L 1.9783466 0.880363 1.9980316 0.9144584 1 P 0
L 2.0000934 0.3904704 2.0788336 0.5268523 0 P 0
L 2.0000934 0.3904704 2.1569327 0.2999192 0 P 0
L 2.0000934 0.7906321 2.0788335 0.6542502 0 P 0
L 2.0000934 0.7906321 2.1569326 0.8811833 0 P 0
L 2.0111044 0.779621 2.1016556 0.9364603 0 P 0
L 2.0111045 0.4014814 2.1016557 0.2446422 0 P 0
L 2.0748033 0.5118111 2.0748033 0.6692914 0 P 0
L 2.0748033 0.5118111 2.2559057 0.5118111 0 P 0
L 2.0748033 0.6692914 2.2559057 0.6692914 0 P 0
L 2.0788335 0.6542502 2.2356728 0.7448014 0 P 0
L 2.0788336 0.5268523 2.2356728 0.4363011 0 P 0
L 2.1008354 0.4232282 2.1349308 0.4035432 1 P 0
L 2.1008354 0.7578742 2.1349308 0.7775592 1 P 0
L 2.1080405 0.7847645 2.1277256 0.750669 1 P 0
L 2.1080406 0.396338 2.1277257 0.4304335 1 P 0
L 2.1456695 0.5905512 2.1850395 0.5905512 1 P 0
L 2.1569326 0.8811833 2.2356728 0.7448014 0 P 0
L 2.1569327 0.2999192 2.2356728 0.4363011 0 P 0
L 2.1653545 0.5708662 2.1653545 0.6102363 1 P 0
L 2.1998027 2.0649598 2.1998027 2.5570857 0 P 0
L 2.1998027 2.0649598 2.5049208 2.0649598 0 P 0
L 2.1998027 2.5570857 2.5049208 2.5570857 0 P 0
L 2.1998031 1.3858258 2.1998031 1.8779517 0 P 0
L 2.1998031 1.3858258 2.5049212 1.3858258 0 P 0
L 2.1998031 1.8779517 2.5049212 1.8779517 0 P 0
L 2.1998044 2.7421253 2.1998044 3.2342512 0 P 0
L 2.1998044 2.7421253 2.5049225 2.7421253 0 P 0
L 2.1998044 3.2342512 2.5049225 3.2342512 0 P 0
L 2.2559057 0.5118111 2.2559057 0.6692914 0 P 0
L 2.2873998 1.8799215 2.2873998 2.0098427 0 P 0
L 2.2873998 1.8799215 2.4763761 1.8799215 0 P 0
L 2.2873998 2.0098427 2.4763761 2.0098427 0 P 0
L 2.2873998 2.5590538 2.2873998 2.688975 0 P 0
L 2.2873998 2.5590538 2.4763761 2.5590538 0 P 0
L 2.2873998 2.688975 2.4763761 2.688975 0 P 0
L 2.2874001 3.2362198 2.2874001 3.366141 0 P 0
L 2.2874001 3.2362198 2.4763764 3.2362198 0 P 0
L 2.2874001 3.366141 2.4763764 3.366141 0 P 0
L 2.3326767 2.3110228 2.3720468 2.3110228 1 P 0
L 2.3326771 1.6318888 2.3720472 1.6318888 1 P 0
L 2.3326784 2.9881883 2.3720485 2.9881883 1 P 0
L 2.3523617 2.2913377 2.3523617 2.3307078 1 P 0
L 2.3523621 1.6122037 2.3523621 1.6515738 1 P 0
L 2.3523634 2.9685032 2.3523634 3.0078733 1 P 0
L 2.3622029 1.9448821 2.401573 1.9448821 1 P 0
L 2.3622029 2.6240144 2.401573 2.6240144 1 P 0
L 2.3622032 3.3011804 2.4015733 3.3011804 1 P 0
L 2.381888 1.9251971 2.381888 1.9645671 1 P 0
L 2.381888 2.6043294 2.381888 2.6436994 1 P 0
L 2.3818883 3.2814954 2.3818883 3.3208654 1 P 0
L 2.4279528 2.6791338 2.4279528 2.8484252 0 P 0
L 2.4279528 2.6791338 2.526378 2.6791338 0 P 0
L 2.4279528 2.8484252 2.526378 2.8484252 0 P 0
L 2.4574803 2.7637795 2.4968504 2.7637795 1 P 0
L 2.4763761 1.8799215 2.4763761 2.0098427 0 P 0
L 2.4763761 2.5590538 2.4763761 2.688975 0 P 0
L 2.4763764 3.2362198 2.4763764 3.366141 0 P 0
L 2.4771654 2.7440944 2.4771654 2.7834645 1 P 0
L 2.4940935 1.5482293 2.4940935 1.882875 0 P 0
L 2.4940935 1.5482293 2.7775581 1.5482293 0 P 0
L 2.4940935 1.882875 2.7775581 1.882875 0 P 0
L 2.4940935 2.2273636 2.4940935 2.5620093 0 P 0
L 2.4940935 2.2273636 2.7775581 2.2273636 0 P 0
L 2.4940935 2.5620093 2.7775581 2.5620093 0 P 0
L 2.4940937 2.9045296 2.4940937 3.2391753 0 P 0
L 2.4940937 2.9045296 2.7775583 2.9045296 0 P 0
L 2.4940937 3.2391753 2.7775583 3.2391753 0 P 0
L 2.5049208 2.0649598 2.5049208 2.5570857 0 P 0
L 2.5049212 1.3858258 2.5049212 1.8779517 0 P 0
L 2.5049225 2.7421253 2.5049225 3.2342512 0 P 0
L 2.526378 2.6791338 2.526378 2.8484252 0 P 0
L 2.5816918 1.4074813 2.5816918 1.5374025 0 P 0
L 2.5816918 1.4074813 2.7706681 1.4074813 0 P 0
L 2.5816918 1.5374025 2.7706681 1.5374025 0 P 0
L 2.5816918 2.0866136 2.5816918 2.2165348 0 P 0
L 2.5816918 2.0866136 2.7706681 2.0866136 0 P 0
L 2.5816918 2.2165348 2.7706681 2.2165348 0 P 0
L 2.581692 2.7637796 2.581692 2.8937008 0 P 0
L 2.581692 2.7637796 2.7706683 2.7637796 0 P 0
L 2.581692 2.8937008 2.7706683 2.8937008 0 P 0
L 2.6161408 1.7155522 2.6555109 1.7155522 1 P 0
L 2.6161408 2.3946865 2.6555109 2.3946865 1 P 0
L 2.616141 3.0718525 2.6555111 3.0718525 1 P 0
L 2.6279528 2.6791338 2.6279528 2.8484252 0 P 0
L 2.6279528 2.6791338 2.726378 2.6791338 0 P 0
L 2.6279528 2.8484252 2.726378 2.8484252 0 P 0
L 2.6358258 1.6958671 2.6358258 1.7352372 1 P 0
L 2.6358258 2.3750014 2.6358258 2.4143715 1 P 0
L 2.635826 3.0521674 2.635826 3.0915375 1 P 0
L 2.6564949 1.4724419 2.695865 1.4724419 1 P 0
L 2.6564949 2.1515742 2.695865 2.1515742 1 P 0
L 2.6564951 2.8287402 2.6958652 2.8287402 1 P 0
L 2.6574804 2.7637795 2.6968505 2.7637795 1 P 0
L 2.6653541 0.511811 2.6653541 0.6692913 0 P 0
L 2.6653541 0.511811 2.8464565 0.511811 0 P 0
L 2.6653541 0.6692913 2.8464565 0.6692913 0 P 0
L 2.6761799 1.4527569 2.6761799 1.4921269 1 P 0
L 2.6761799 2.1318892 2.6761799 2.1712592 1 P 0
L 2.6761801 2.8090552 2.6761801 2.8484252 1 P 0
L 2.6771654 2.7440945 2.6771654 2.7834646 1 P 0
L 2.685587 0.436301 2.7643272 0.2999191 0 P 0
L 2.685587 0.436301 2.8424263 0.5268522 0 P 0
L 2.685587 0.7448013 2.7643271 0.8811832 0 P 0
L 2.685587 0.7448013 2.8424262 0.6542501 0 P 0
L 2.726378 2.6791338 2.726378 2.8484252 0 P 0
L 2.7279528 2.6791338 2.7279528 2.8484252 0 P 0
L 2.7279528 2.6791338 2.826378 2.6791338 0 P 0
L 2.7279528 2.8484252 2.826378 2.8484252 0 P 0
L 2.7362203 0.5905512 2.7755903 0.5905512 1 P 0
L 2.7559053 0.5708661 2.7559053 0.6102362 1 P 0
L 2.7574804 2.7637795 2.7968505 2.7637795 1 P 0
L 2.7643271 0.8811832 2.9211664 0.790632 0 P 0
L 2.7643272 0.2999191 2.9211664 0.3904703 0 P 0
L 2.7706681 1.4074813 2.7706681 1.5374025 0 P 0
L 2.7706681 2.0866136 2.7706681 2.2165348 0 P 0
L 2.7706683 2.7637796 2.7706683 2.8937008 0 P 0
L 2.7771654 2.7440945 2.7771654 2.7834646 1 P 0
L 2.7775581 1.5482293 2.7775581 1.882875 0 P 0
L 2.7775581 2.2273636 2.7775581 2.5620093 0 P 0
L 2.7775583 2.9045296 2.7775583 3.2391753 0 P 0
L 2.786329 0.4035432 2.8204244 0.4232282 1 P 0
L 2.786329 0.7775592 2.8204244 0.7578742 1 P 0
L 2.7935341 0.7506689 2.8132192 0.7847644 1 P 0
L 2.7935342 0.4304334 2.8132193 0.3963379 1 P 0
L 2.8196042 0.2446421 2.9101554 0.4014814 0 P 0
L 2.8196042 0.2446421 2.9559861 0.165902 0 P 0
L 2.826378 2.6791338 2.826378 2.8484252 0 P 0
L 2.8279528 2.6791338 2.8279528 2.8484252 0 P 0
L 2.8279528 2.6791338 2.926378 2.6791338 0 P 0
L 2.8279528 2.8484252 2.926378 2.8484252 0 P 0
L 2.8424262 0.6542501 2.9211664 0.790632 0 P 0
L 2.8424263 0.5268522 2.9211664 0.3904703 0 P 0
L 2.8464565 0.511811 2.8464565 0.6692913 0 P 0
L 2.8574804 2.7637795 2.8968505 2.7637795 1 P 0
L 2.874812 1.6125318 2.9165702 1.5707735 0 P 0
L 2.874812 1.6125318 2.9499768 1.6876966 0 P 0
L 2.8771654 2.7440945 2.8771654 2.7834646 1 P 0
L 2.9101554 0.4014814 3.0465373 0.3227412 0 P 0
L 2.9143469 1.7716534 3.5629921 1.1230082 0 P 0
L 2.9143469 1.7716534 3.5629921 2.4202987 0 P 0
L 2.916023 0.2935342 2.9501185 0.2738491 1 P 0
L 2.9165702 1.5707735 2.9917351 1.6459384 0 P 0
L 2.9165709 1.5706538 2.9583291 1.5288955 0 P 0
L 2.9165709 1.5706538 2.9917357 1.6458186 0 P 0
L 2.9193541 1.6153157 2.9471929 1.6431545 1 P 0
L 2.9193541 1.6431545 2.947193 1.6153156 1 P 0
L 2.9232282 0.266644 2.9429132 0.3007394 1 P 0
L 2.926378 2.6791338 2.926378 2.8484252 0 P 0
L 2.9499768 1.6876966 2.9917351 1.6459384 0 P 0
L 2.9559861 0.165902 3.0465373 0.3227412 0 P 0
L 2.9583291 1.5288955 3.033494 1.6040604 0 P 0
L 2.961113 1.5734377 2.9889518 1.6012765 1 P 0
L 2.961113 1.6012765 2.9889519 1.5734376 1 P 0
L 2.9782707 2.0501285 3.020029 2.0918867 0 P 0
L 2.9782707 2.0501285 3.0534356 1.9749636 0 P 0
L 2.9917357 1.6458186 3.033494 1.6040604 0 P 0
L 3.020029 2.0918867 3.0951938 2.0167219 0 P 0
L 3.0227572 1.1314392 3.0232725 1.0330154 0 P 0
L 3.0227572 1.1314392 3.1920463 1.1323256 0 P 0
L 3.0228128 2.0195057 3.0506517 2.0473446 1 P 0
L 3.0228129 2.0473446 3.0506517 2.0195058 1 P 0
L 3.0232725 1.0330154 3.1925616 1.0339018 0 P 0
L 3.031496 0.8543309 3.031496 1.0354333 0 P 0
L 3.031496 0.8543309 3.1889763 0.8543309 0 P 0
L 3.031496 1.0354333 3.1889763 1.0354333 0 P 0
L 3.0314961 0.1456691 3.0314961 0.3267715 0 P 0
L 3.0314961 0.1456691 3.1889764 0.1456691 0 P 0
L 3.0314961 0.3267715 3.1889764 0.3267715 0 P 0
L 3.0534356 1.9749636 3.0951938 2.0167219 0 P 0
L 3.0879746 1.0825674 3.1273441 1.0827736 1 P 0
L 3.0903543 2.6007874 3.0903543 3.3007874 2 P 0
L 3.0903543 2.6007874 3.8403543 2.6007874 2 P 0
L 3.0903543 3.3007874 3.8403543 3.3007874 2 P 0
L 3.0905511 0.9448821 3.1299212 0.9448821 1 P 0
L 3.0905512 0.2362203 3.1299213 0.2362203 1 P 0
L 3.1075563 1.1023552 3.1077625 1.0629857 1 P 0
L 3.1102362 0.2165353 3.1102362 0.2559053 1 P 0
L 3.1102362 0.9251971 3.1102362 0.9645671 1 P 0
L 3.1342519 2.3960629 3.1342519 2.5614173 0 P 0
L 3.1342519 2.3960629 3.2720472 2.3960629 0 P 0
L 3.1342519 2.5614173 3.2720472 2.5614173 0 P 0
L 3.1739351 0.8583612 3.2644863 1.0152004 0 P 0
L 3.1739351 0.8583612 3.310317 0.779621 0 P 0
L 3.1739352 0.3227413 3.2644864 0.165902 0 P 0
L 3.1739352 0.3227413 3.3103171 0.4014814 0 P 0
L 3.1810394 1.3061837 3.2227976 1.2644254 0 P 0
L 3.1810394 1.3061837 3.2562042 1.3813485 0 P 0
L 3.1834645 2.4787401 3.2228346 2.4787401 1 P 0
L 3.1889763 0.8543309 3.1889763 1.0354333 0 P 0
L 3.1889764 0.1456691 3.1889764 0.3267715 0 P 0
L 3.1920463 1.1323256 3.1925616 1.0339018 0 P 0
L 3.2031495 2.4590551 3.2031495 2.4984251 1 P 0
L 3.222277 2.3675747 3.2918741 2.4371718 0 P 0
L 3.222277 2.3675747 3.3419841 2.2478676 0 P 0
L 3.2227975 1.2644248 3.2645557 1.2226665 0 P 0
L 3.2227975 1.2644248 3.2979623 1.3395896 0 P 0
L 3.2227976 1.2644254 3.2979625 1.3395903 0 P 0
L 3.2255815 1.3089676 3.2534203 1.3368064 1 P 0
L 3.2255815 1.3368064 3.2534204 1.3089675 1 P 0
L 3.2407574 1.6387231 3.3326256 1.5468549 0 P 0
L 3.2407574 1.6387231 3.3743838 1.7723495 0 P 0
L 3.2407574 1.9045841 3.3326256 1.9964523 0 P 0
L 3.2407574 1.9045841 3.3743838 1.7709577 0 P 0
L 3.2545305 2.350719 3.2962888 2.3924772 0 P 0
L 3.2545305 2.350719 3.3296954 2.2755541 0 P 0
L 3.2562042 1.3813485 3.2979625 1.3395903 0 P 0
L 3.2644863 1.0152004 3.4008682 0.9364603 0 P 0
L 3.2644864 0.165902 3.4008683 0.2446422 0 P 0
L 3.2645557 1.2226665 3.3397206 1.2978314 0 P 0
L 3.2673396 1.2672087 3.2951784 1.2950475 1 P 0
L 3.2673396 1.2950475 3.2951785 1.2672086 1 P 0
L 3.2703539 0.9072533 3.3044494 0.8875682 1 P 0
L 3.270354 0.2738492 3.3044495 0.2935343 1 P 0
L 3.2720472 2.3960629 3.2720472 2.5614173 0 P 0
L 3.2775592 0.3007394 3.2972442 0.266644 1 P 0
L 3.2775592 0.880363 3.2972442 0.9144584 1 P 0
L 3.2813316 2.42663 3.3509287 2.4962271 0 P 0
L 3.2813316 2.42663 3.4010387 2.3069229 0 P 0
L 3.2881889 2.4255905 3.2881889 2.5318897 0 P 0
L 3.2881889 2.4255905 3.347244 2.4255905 0 P 0
L 3.2881889 2.5318897 3.347244 2.5318897 0 P 0
L 3.2918741 2.4371718 3.4115812 2.3174647 0 P 0
L 3.2962888 2.3924772 3.3714536 2.3173124 0 P 0
L 3.2979623 1.3395896 3.3397206 1.2978314 0 P 0
L 3.2980314 2.4787401 3.3374015 2.4787401 1 P 0
L 3.2980315 3.3188976 3.2980315 3.488189 0 P 0
L 3.2980315 3.3188976 3.3964567 3.3188976 0 P 0
L 3.2980315 3.488189 3.3964567 3.488189 0 P 0
L 3.2990726 2.3200962 3.3269115 2.3479351 1 P 0
L 3.2990727 2.3479351 3.3269115 2.3200963 1 P 0
L 3.299306 0.3904704 3.3780462 0.5268523 0 P 0
L 3.299306 0.3904704 3.4561453 0.2999192 0 P 0
L 3.299306 0.7906321 3.3780461 0.6542502 0 P 0
L 3.299306 0.7906321 3.4561452 0.8811833 0 P 0
L 3.3030097 2.3286003 3.3308486 2.3564392 1 P 0
L 3.3030097 2.3564391 3.3308486 2.3286002 1 P 0
L 3.310317 0.779621 3.4008682 0.9364603 0 P 0
L 3.3103171 0.4014814 3.4008683 0.2446422 0 P 0
L 3.3177165 2.4590551 3.3177165 2.4984251 1 P 0
L 3.327559 3.4035433 3.3669291 3.4035433 1 P 0
L 3.3296954 2.2755541 3.3714536 2.3173124 0 P 0
L 3.3326256 1.5468549 3.466252 1.6804813 0 P 0
L 3.3326256 1.9964523 3.466252 1.8628259 0 P 0
L 3.3381934 1.5412871 3.4300616 1.4494189 0 P 0
L 3.3381934 1.5412871 3.4718198 1.6749135 0 P 0
L 3.3381934 2.0020201 3.4300616 2.0938883 0 P 0
L 3.3381934 2.0020201 3.4718198 1.8683937 0 P 0
L 3.3395853 1.6456828 3.3674241 1.6735216 1 P 0
L 3.3395853 1.6735216 3.3674241 1.6456828 1 P 0
L 3.3395853 1.8697856 3.3674241 1.8976244 1 P 0
L 3.3395853 1.8976244 3.3674241 1.8697856 1 P 0
L 3.3419841 2.2478676 3.4115812 2.3174647 0 P 0
L 3.347244 2.4255905 3.347244 2.5318897 0 P 0
L 3.3472441 3.3838582 3.3472441 3.4232283 1 P 0
L 3.3509287 2.4962271 3.4706358 2.37652 0 P 0
L 3.3620643 2.3876556 3.3899032 2.4154945 1 P 0
L 3.3620643 2.4154944 3.3899032 2.3876555 1 P 0
L 3.3740159 0.5118111 3.3740159 0.6692914 0 P 0
L 3.3740159 0.5118111 3.5551183 0.5118111 0 P 0
L 3.3740159 0.6692914 3.5551183 0.6692914 0 P 0
L 3.3743838 1.7709577 3.466252 1.8628259 0 P 0
L 3.3743838 1.7723495 3.466252 1.6804813 0 P 0
L 3.3780461 0.6542502 3.5348854 0.7448014 0 P 0
L 3.3780462 0.5268523 3.5348854 0.4363011 0 P 0
L 3.3956693 3.3188976 3.3956693 3.488189 0 P 0
L 3.3956693 3.3188976 3.4940945 3.3188976 0 P 0
L 3.3956693 3.488189 3.4940945 3.488189 0 P 0
L 3.3964567 3.3188976 3.3964567 3.488189 0 P 0
L 3.400048 0.4232282 3.4341434 0.4035432 1 P 0
L 3.400048 0.7578742 3.4341434 0.7775592 1 P 0
L 3.4010387 2.3069229 3.4706358 2.37652 0 P 0
L 3.4072531 0.7847645 3.4269382 0.750669 1 P 0
L 3.4072532 0.396338 3.4269383 0.4304335 1 P 0
L 3.4251968 3.4035433 3.4645669 3.4035433 1 P 0
L 3.4300616 1.4494189 3.563688 1.5830453 0 P 0
L 3.4300616 2.0938883 3.563688 1.9602619 0 P 0
L 3.4370213 1.5482468 3.4648601 1.5760856 1 P 0
L 3.4370213 1.5760856 3.4648601 1.5482468 1 P 0
L 3.4370213 1.9672216 3.4648601 1.9950604 1 P 0
L 3.4370213 1.9950604 3.4648601 1.9672216 1 P 0
L 3.4403543 2.9507874 3.4903543 2.9507874 2 P 0
L 3.4448819 3.3838582 3.4448819 3.4232283 1 P 0
L 3.4448821 0.5905512 3.4842521 0.5905512 1 P 0
L 3.4561452 0.8811833 3.5348854 0.7448014 0 P 0
L 3.4561453 0.2999192 3.5348854 0.4363011 0 P 0
L 3.4645671 0.5708662 3.4645671 0.6102363 1 P 0
L 3.4653543 2.9257874 3.4653543 2.9757874 2 P 0
L 3.4718198 1.6749135 3.563688 1.5830453 0 P 0
L 3.4718198 1.8683937 3.563688 1.9602619 0 P 0
L 3.4940945 3.3188976 3.4940945 3.488189 0 P 0
L 3.53937 2.5098425 3.53937 2.6082677 0 P 0
L 3.53937 2.5098425 3.7086614 2.5098425 0 P 0
L 3.53937 2.6082677 3.7086614 2.6082677 0 P 0
L 3.5490726 1.757734 3.5769115 1.7855729 1 P 0
L 3.5490727 1.7855729 3.5769116 1.757734 1 P 0
L 3.5551183 0.5118111 3.5551183 0.6692914 0 P 0
L 3.5622962 1.5830453 3.6541644 1.6749135 0 P 0
L 3.5622962 1.5830453 3.6959226 1.4494189 0 P 0
L 3.5622962 1.9602619 3.6541644 1.8683937 0 P 0
L 3.5622962 1.9602619 3.6959226 2.0938883 0 P 0
L 3.5629921 1.1230082 4.2116373 1.7716534 0 P 0
L 3.5629921 2.4202987 4.2116373 1.7716534 0 P 0
L 3.5708659 0.5118109 3.5708659 0.6692912 0 P 0
L 3.5708659 0.5118109 3.7519683 0.5118109 0 P 0
L 3.5708659 0.6692912 3.7519683 0.6692912 0 P 0
L 3.5910988 0.436301 3.669839 0.2999191 0 P 0
L 3.5910988 0.436301 3.7479381 0.5268522 0 P 0
L 3.5910988 0.7448013 3.6698389 0.8811832 0 P 0
L 3.5910988 0.7448013 3.747938 0.6542501 0 P 0
L 3.6043307 2.5590551 3.6437008 2.5590551 1 P 0
L 3.6143439 2.4337322 3.7646736 2.2834025 0 P 0
L 3.6143439 2.4337322 3.8189594 2.6383478 0 P 0
L 3.6240157 2.53937 3.6240157 2.5787401 1 P 0
L 3.6417321 0.5905511 3.6811021 0.5905511 1 P 0
L 3.6541644 1.6749135 3.7877908 1.5412871 0 P 0
L 3.6541644 1.8683937 3.7877908 2.0020201 0 P 0
L 3.6597321 1.8628258 3.7516003 1.7709576 0 P 0
L 3.6597321 1.8628258 3.7933585 1.9964522 0 P 0
L 3.6597322 1.6804813 3.7516004 1.7723495 0 P 0
L 3.6597322 1.6804813 3.7933586 1.5468549 0 P 0
L 3.6611241 1.5482468 3.6889629 1.5760856 1 P 0
L 3.6611241 1.5760856 3.6889629 1.5482468 1 P 0
L 3.6611241 1.9672216 3.6889629 1.9950604 1 P 0
L 3.6611241 1.9950604 3.6889629 1.9672216 1 P 0
L 3.6614171 0.570866 3.6614171 0.6102361 1 P 0
L 3.6698389 0.8811832 3.8266782 0.790632 0 P 0
L 3.669839 0.2999191 3.8266782 0.3904703 0 P 0
L 3.6909441 2.3917321 3.6909441 2.6751967 0 P 0
L 3.6909441 2.3917321 3.8877945 2.3917321 0 P 0
L 3.6909441 2.6751967 3.8877945 2.6751967 0 P 0
L 3.6918408 0.4035432 3.7259362 0.4232282 1 P 0
L 3.6918408 0.7775592 3.7259362 0.7578742 1 P 0
L 3.6959226 1.4494189 3.7877908 1.5412871 0 P 0
L 3.6959226 2.0938883 3.7877908 2.0020201 0 P 0
L 3.6990459 0.7506689 3.718731 0.7847644 1 P 0
L 3.699046 0.4304334 3.7187311 0.3963379 1 P 0
L 3.7086614 2.5098425 3.7086614 2.6082677 0 P 0
L 3.7166658 1.2282358 3.758424 1.2699941 0 P 0
L 3.7166658 1.2282358 3.7918306 1.153071 0 P 0
L 3.725116 0.2446421 3.8156672 0.4014814 0 P 0
L 3.725116 0.2446421 3.8614979 0.165902 0 P 0
L 3.747938 0.6542501 3.8266782 0.790632 0 P 0
L 3.7479381 0.5268522 3.8266782 0.3904703 0 P 0
L 3.7516003 1.7709576 3.8852267 1.904584 0 P 0
L 3.7516004 1.7723495 3.8852268 1.6387231 0 P 0
L 3.7519683 0.5118109 3.7519683 0.6692912 0 P 0
L 3.758424 1.2699941 3.8335889 1.1948292 0 P 0
L 3.7584263 1.2699949 3.8001845 1.3117532 0 P 0
L 3.7584263 1.2699949 3.8335911 1.1948301 0 P 0
L 3.75856 1.8697855 3.7863988 1.8976243 1 P 0
L 3.75856 1.8976243 3.7863988 1.8697855 1 P 0
L 3.7585601 1.6456828 3.7863989 1.6735216 1 P 0
L 3.7585601 1.6735216 3.7863989 1.6456828 1 P 0
L 3.7612079 1.1976131 3.7890468 1.225452 1 P 0
L 3.7612079 1.2254519 3.7890467 1.1976131 1 P 0
L 3.7646736 2.2834025 3.9692892 2.488018 0 P 0
L 3.7677165 2.8405513 3.7677165 3.3208662 0 P 0
L 3.7677165 2.8405513 4.0669291 2.8405513 0 P 0
L 3.7677165 3.3208662 4.0669291 3.3208662 0 P 0
L 3.7696842 2.5334644 3.8090543 2.5334644 1 P 0
L 3.7778971 2.4469557 3.805736 2.4747946 1 P 0
L 3.7778971 2.4747945 3.8057359 2.4469557 1 P 0
L 3.7862627 2.2454759 3.828021 2.2037177 0 P 0
L 3.7862627 2.2454759 3.8614276 2.3206408 0 P 0
L 3.7893693 2.5137794 3.7893693 2.5531495 1 P 0
L 3.7918306 1.153071 3.8335889 1.1948292 0 P 0
L 3.7933585 1.9964522 3.8852267 1.904584 0 P 0
L 3.7933586 1.5468549 3.8852268 1.6387231 0 P 0
L 3.8001845 1.3117532 3.8753494 1.2365883 0 P 0
L 3.8029684 1.2393722 3.8308073 1.2672111 1 P 0
L 3.8029684 1.267211 3.8308072 1.2393722 1 P 0
L 3.8156672 0.4014814 3.9520491 0.3227412 0 P 0
L 3.8189594 2.6383478 3.9692892 2.488018 0 P 0
L 3.8215348 0.2935342 3.8556303 0.2738491 1 P 0
L 3.828021 2.2037177 3.9031858 2.2788825 0 P 0
L 3.82874 0.266644 3.848425 0.3007394 1 P 0
L 3.8308048 2.2760987 3.8586437 2.2482598 1 P 0
L 3.8308049 2.2482598 3.8586437 2.2760986 1 P 0
L 3.8335911 1.1948301 3.8753494 1.2365883 0 P 0
L 3.8403543 2.6007874 3.8403543 3.3007874 2 P 0
L 3.8419404 2.1897961 3.8836987 2.1480379 0 P 0
L 3.8419404 2.1897961 3.9171053 2.264961 0 P 0
L 3.858268 2.3917333 3.858268 2.6751979 0 P 0
L 3.858268 2.3917333 4.0551184 2.3917333 0 P 0
L 3.858268 2.6751979 4.0551184 2.6751979 0 P 0
L 3.8604361 2.3196353 3.9021943 2.277877 0 P 0
L 3.8604361 2.3196353 3.9356009 2.3948001 0 P 0
L 3.8614276 2.3206408 3.9031858 2.2788825 0 P 0
L 3.8614979 0.165902 3.9520491 0.3227412 0 P 0
L 3.8836987 2.1480379 3.9588635 2.2232027 0 P 0
L 3.8864825 2.2204189 3.9143214 2.19258 1 P 0
L 3.8864826 2.19258 3.9143214 2.2204188 1 P 0
L 3.8877945 2.3917321 3.8877945 2.6751967 0 P 0
L 3.8910959 1.4156849 3.960693 1.485282 0 P 0
L 3.8910959 1.4156849 4.010803 1.2959778 0 P 0
L 3.8976378 3.0807087 3.9370079 3.0807087 1 P 0
L 3.9021943 2.277877 3.9773592 2.3530419 0 P 0
L 3.9049782 2.3224192 3.932817 2.350258 1 P 0
L 3.9049782 2.350258 3.9328171 2.3224191 1 P 0
L 3.9171053 2.264961 3.9588635 2.2232027 0 P 0
L 3.9173228 3.0610237 3.9173228 3.1003938 1 P 0
L 3.928269 1.1314392 3.9287843 1.0330154 0 P 0
L 3.928269 1.1314392 4.0975581 1.1323256 0 P 0
L 3.9287843 1.0330154 4.0980734 1.0339018 0 P 0
L 3.9356009 2.3948001 3.9773592 2.3530419 0 P 0
L 3.9370078 0.8543309 3.9370078 1.0354333 0 P 0
L 3.9370078 0.8543309 4.0944881 0.8543309 0 P 0
L 3.9370078 1.0354333 4.0944881 1.0354333 0 P 0
L 3.9370079 0.1456691 3.9370079 0.3267715 0 P 0
L 3.9370079 0.1456691 4.0944882 0.1456691 0 P 0
L 3.9370079 0.3267715 4.0944882 0.3267715 0 P 0
L 3.9370082 2.5334656 3.9763783 2.5334656 1 P 0
L 3.9532956 2.0784412 3.9950539 2.036683 0 P 0
L 3.9532956 2.0784412 4.0284605 2.1536061 0 P 0
L 3.9566932 2.5137805 3.9566932 2.5531506 1 P 0
L 3.960693 1.485282 4.0804001 1.3655749 0 P 0
L 3.9672152 1.4787853 4.0089734 1.5205436 0 P 0
L 3.9672152 1.4787853 4.04238 1.4036205 0 P 0
L 3.9718285 1.4045494 3.9996674 1.3767105 1 P 0
L 3.9718286 1.3767105 3.9996675 1.4045494 1 P 0
L 3.9934864 1.0825674 4.0328559 1.0827736 1 P 0
L 3.9950539 2.036683 4.0702187 2.1118478 0 P 0
L 3.9960629 0.9448821 4.035433 0.9448821 1 P 0
L 3.996063 0.2362203 4.0354331 0.2362203 1 P 0
L 3.9978377 2.109064 4.0256766 2.0812251 1 P 0
L 3.9978378 2.0812251 4.0256766 2.1090639 1 P 0
L 4.0089734 1.5205436 4.0841383 1.4453787 0 P 0
L 4.010803 1.2959778 4.0804001 1.3655749 0 P 0
L 4.0117573 1.4481626 4.0395962 1.4760015 1 P 0
L 4.0117573 1.4760014 4.0395961 1.4481626 1 P 0
L 4.0130681 1.1023552 4.0132743 1.0629857 1 P 0
L 4.015748 0.2165353 4.015748 0.2559053 1 P 0
L 4.015748 0.9251971 4.015748 0.9645671 1 P 0
L 4.0255901 2.3917316 4.0255901 2.6751962 0 P 0
L 4.0255901 2.3917316 4.2224405 2.3917316 0 P 0
L 4.0255901 2.6751962 4.2224405 2.6751962 0 P 0
L 4.025591 2.6476371 4.025591 2.9311017 0 P 0
L 4.025591 2.6476371 4.2224414 2.6476371 0 P 0
L 4.025591 2.9311017 4.2224414 2.9311017 0 P 0
L 4.0284605 2.1536061 4.0702187 2.1118478 0 P 0
L 4.036814 1.9949502 4.0785723 1.953192 0 P 0
L 4.036814 1.9949502 4.1119789 2.0701151 0 P 0
L 4.04238 1.4036205 4.0841383 1.4453787 0 P 0
L 4.0452756 2.9173228 4.0452756 3.0866142 0 P 0
L 4.0452756 2.9173228 4.1437008 2.9173228 0 P 0
L 4.0452756 3.0866142 4.1437008 3.0866142 0 P 0
L 4.050732 1.562302 4.0924902 1.6040603 0 P 0
L 4.050732 1.562302 4.1258968 1.4871372 0 P 0
L 4.0551184 2.3917333 4.0551184 2.6751979 0 P 0
L 4.0669291 2.8405513 4.0669291 3.3208662 0 P 0
L 4.0748032 3.0019685 4.1141733 3.0019685 1 P 0
L 4.0785723 1.953192 4.1537371 2.0283568 0 P 0
L 4.0794469 0.8583612 4.1699981 1.0152004 0 P 0
L 4.0794469 0.8583612 4.2158288 0.779621 0 P 0
L 4.079447 0.3227413 4.1699982 0.165902 0 P 0
L 4.079447 0.3227413 4.2158289 0.4014814 0 P 0
L 4.0813561 2.025573 4.109195 1.9977341 1 P 0
L 4.0813562 1.9977341 4.109195 2.0255729 1 P 0
L 4.0924902 1.6040603 4.1676551 1.5288954 0 P 0
L 4.0944881 0.8543309 4.0944881 1.0354333 0 P 0
L 4.0944882 0.1456691 4.0944882 0.3267715 0 P 0
L 4.0944882 2.9822834 4.0944882 3.0216535 1 P 0
L 4.0952741 1.5316793 4.123113 1.5595182 1 P 0
L 4.0952741 1.5595181 4.1231129 1.5316793 1 P 0
L 4.0975581 1.1323256 4.0980734 1.0339018 0 P 0
L 4.1043302 2.5334639 4.1437003 2.5334639 1 P 0
L 4.1043311 2.7893694 4.1437012 2.7893694 1 P 0
L 4.1119789 2.0701151 4.1537371 2.0283568 0 P 0
L 4.1141732 2.9173228 4.1141732 3.0866142 0 P 0
L 4.1141732 2.9173228 4.2125984 2.9173228 0 P 0
L 4.1141732 3.0866142 4.2125984 3.0866142 0 P 0
L 4.1240153 2.5137789 4.1240153 2.553149 1 P 0
L 4.1240162 2.7696844 4.1240162 2.8090545 1 P 0
L 4.1258968 1.4871372 4.1676551 1.5288954 0 P 0
L 4.1437008 2.9173228 4.1437008 3.0866142 0 P 0
L 4.1437008 3.0019685 4.1830709 3.0019685 1 P 0
L 4.1633858 2.9822834 4.1633858 3.0216535 1 P 0
L 4.1699981 1.0152004 4.30638 0.9364603 0 P 0
L 4.1699982 0.165902 4.3063801 0.2446422 0 P 0
L 4.1758657 0.9072533 4.2099612 0.8875682 1 P 0
L 4.1758658 0.2738492 4.2099613 0.2935343 1 P 0
L 4.183071 0.3007394 4.202756 0.266644 1 P 0
L 4.183071 0.880363 4.202756 0.9144584 1 P 0
L 4.1889763 1.3937007 4.1889763 2.3070866 0 P 0
L 4.1889763 1.3937007 4.9448818 1.3937007 0 P 0
L 4.1889763 2.3070866 4.9448818 2.3070866 0 P 0
L 4.1889764 2.4173228 4.1889764 3.3307087 0 P 0
L 4.1889764 2.4173228 4.9448819 2.4173228 0 P 0
L 4.1889764 3.3307087 4.9448819 3.3307087 0 P 0
L 4.2048178 0.3904704 4.283558 0.5268523 0 P 0
L 4.2048178 0.3904704 4.3616571 0.2999192 0 P 0
L 4.2048178 0.7906321 4.2835579 0.6542502 0 P 0
L 4.2048178 0.7906321 4.361657 0.8811833 0 P 0
L 4.2125984 2.9173228 4.2125984 3.0866142 0 P 0
L 4.2158288 0.779621 4.30638 0.9364603 0 P 0
L 4.2158289 0.4014814 4.3063801 0.2446422 0 P 0
L 4.2224405 2.3917316 4.2224405 2.6751962 0 P 0
L 4.2224414 2.6476371 4.2224414 2.9311017 0 P 0
L 4.2795277 0.5118111 4.2795277 0.6692914 0 P 0
L 4.2795277 0.5118111 4.4606301 0.5118111 0 P 0
L 4.2795277 0.6692914 4.4606301 0.6692914 0 P 0
L 4.2835579 0.6542502 4.4403972 0.7448014 0 P 0
L 4.283558 0.5268523 4.4403972 0.4363011 0 P 0
L 4.3055598 0.4232282 4.3396552 0.4035432 1 P 0
L 4.3055598 0.7578742 4.3396552 0.7775592 1 P 0
L 4.3127649 0.7847645 4.33245 0.750669 1 P 0
L 4.312765 0.396338 4.3324501 0.4304335 1 P 0
L 4.3503939 0.5905512 4.3897639 0.5905512 1 P 0
L 4.361657 0.8811833 4.4403972 0.7448014 0 P 0
L 4.3616571 0.2999192 4.4403972 0.4363011 0 P 0
L 4.3700789 0.5708662 4.3700789 0.6102363 1 P 0
L 4.4606301 0.5118111 4.4606301 0.6692914 0 P 0
L 4.5472441 1.8503937 4.5866141 1.8503937 1 P 0
L 4.5472441 2.8740157 4.5866141 2.8740157 1 P 0
L 4.5669291 1.8307086 4.5669291 1.8700787 1 P 0
L 4.5669291 2.8543307 4.5669291 2.8937008 1 P 0
L 4.6889763 1.2992126 4.6889763 1.3976378 0 P 0
L 4.6889763 1.2992126 4.8582677 1.2992126 0 P 0
L 4.6889763 1.3976378 4.8582677 1.3976378 0 P 0
L 4.6948819 1.1102362 4.6948819 1.2913386 0 P 0
L 4.6948819 1.1102362 4.8523622 1.1102362 0 P 0
L 4.6948819 1.2913386 4.8523622 1.2913386 0 P 0
L 4.7539369 1.3484252 4.793307 1.3484252 1 P 0
L 4.753937 1.2007874 4.7933071 1.2007874 1 P 0
L 4.773622 1.1811024 4.773622 1.2204724 1 P 0
L 4.773622 1.3287402 4.773622 1.3681103 1 P 0
L 4.8523622 1.1102362 4.8523622 1.2913386 0 P 0
L 4.8582677 1.2992126 4.8582677 1.3976378 0 P 0
L 4.8700785 0.5118109 4.8700785 0.6692912 0 P 0
L 4.8700785 0.5118109 5.0511809 0.5118109 0 P 0
L 4.8700785 0.6692912 5.0511809 0.6692912 0 P 0
L 4.8903114 0.436301 4.9690516 0.2999191 0 P 0
L 4.8903114 0.436301 5.0471507 0.5268522 0 P 0
L 4.8903114 0.7448013 4.9690515 0.8811832 0 P 0
L 4.8903114 0.7448013 5.0471506 0.6542501 0 P 0
L 4.9409447 0.5905511 4.9803147 0.5905511 1 P 0
L 4.9448818 1.3937007 4.9448818 2.3070866 0 P 0
L 4.9448819 2.4173228 4.9448819 3.3307087 0 P 0
L 4.9606297 0.570866 4.9606297 0.6102361 1 P 0
L 4.9690515 0.8811832 5.1258908 0.790632 0 P 0
L 4.9690516 0.2999191 5.1258908 0.3904703 0 P 0
L 4.9910534 0.4035432 5.0251488 0.4232282 1 P 0
L 4.9910534 0.7775592 5.0251488 0.7578742 1 P 0
L 4.9982585 0.7506689 5.0179436 0.7847644 1 P 0
L 4.9982586 0.4304334 5.0179437 0.3963379 1 P 0
L 5.0243286 0.2446421 5.1148798 0.4014814 0 P 0
L 5.0243286 0.2446421 5.1607105 0.165902 0 P 0
L 5.0471506 0.6542501 5.1258908 0.790632 0 P 0
L 5.0471507 0.5268522 5.1258908 0.3904703 0 P 0
L 5.0511809 0.5118109 5.0511809 0.6692912 0 P 0
L 5.1148798 0.4014814 5.2512617 0.3227412 0 P 0
L 5.1207474 0.2935342 5.1548429 0.2738491 1 P 0
L 5.1279526 0.266644 5.1476376 0.3007394 1 P 0
L 5.1607105 0.165902 5.2512617 0.3227412 0 P 0
L 5.2274816 1.1314392 5.2279969 1.0330154 0 P 0
L 5.2274816 1.1314392 5.3967707 1.1323256 0 P 0
L 5.2279969 1.0330154 5.397286 1.0339018 0 P 0
L 5.2362204 0.8543309 5.2362204 1.0354333 0 P 0
L 5.2362204 0.8543309 5.3937007 0.8543309 0 P 0
L 5.2362204 1.0354333 5.3937007 1.0354333 0 P 0
L 5.2362205 0.1456691 5.2362205 0.3267715 0 P 0
L 5.2362205 0.1456691 5.3937008 0.1456691 0 P 0
L 5.2362205 0.3267715 5.3937008 0.3267715 0 P 0
L 5.292699 1.0825674 5.3320685 1.0827736 1 P 0
L 5.2952755 0.9448821 5.3346456 0.9448821 1 P 0
L 5.2952756 0.2362203 5.3346457 0.2362203 1 P 0
L 5.3122807 1.1023552 5.3124869 1.0629857 1 P 0
L 5.3149606 0.2165353 5.3149606 0.2559053 1 P 0
L 5.3149606 0.9251971 5.3149606 0.9645671 1 P 0
L 5.3786595 0.8583612 5.4692107 1.0152004 0 P 0
L 5.3786595 0.8583612 5.5150414 0.779621 0 P 0
L 5.3786596 0.3227413 5.4692108 0.165902 0 P 0
L 5.3786596 0.3227413 5.5150415 0.4014814 0 P 0
L 5.3937007 0.8543309 5.3937007 1.0354333 0 P 0
L 5.3937008 0.1456691 5.3937008 0.3267715 0 P 0
L 5.3967707 1.1323256 5.397286 1.0339018 0 P 0
L 5.4692107 1.0152004 5.6055926 0.9364603 0 P 0
L 5.4692108 0.165902 5.6055927 0.2446422 0 P 0
L 5.4750783 0.9072533 5.5091738 0.8875682 1 P 0
L 5.4750784 0.2738492 5.5091739 0.2935343 1 P 0
L 5.4822836 0.3007394 5.5019686 0.266644 1 P 0
L 5.4822836 0.880363 5.5019686 0.9144584 1 P 0
L 5.4970472 1.8208662 5.4970472 2.3129921 0 P 0
L 5.4970472 1.8208662 5.8021653 1.8208662 0 P 0
L 5.4970472 2.3129921 5.8021653 2.3129921 0 P 0
L 5.4970473 2.4114174 5.4970473 2.9035433 0 P 0
L 5.4970473 2.4114174 5.8021654 2.4114174 0 P 0
L 5.4970473 2.9035433 5.8021654 2.9035433 0 P 0
L 5.5040304 0.3904704 5.5827706 0.5268523 0 P 0
L 5.5040304 0.3904704 5.6608697 0.2999192 0 P 0
L 5.5040304 0.7906321 5.5827705 0.6542502 0 P 0
L 5.5040304 0.7906321 5.6608696 0.8811833 0 P 0
L 5.5150414 0.779621 5.6055926 0.9364603 0 P 0
L 5.5150415 0.4014814 5.6055927 0.2446422 0 P 0
L 5.5787403 0.5118111 5.5787403 0.6692914 0 P 0
L 5.5787403 0.5118111 5.7598427 0.5118111 0 P 0
L 5.5787403 0.6692914 5.7598427 0.6692914 0 P 0
L 5.5827705 0.6542502 5.7396098 0.7448014 0 P 0
L 5.5827706 0.5268523 5.7396098 0.4363011 0 P 0
L 5.6047724 0.4232282 5.6388678 0.4035432 1 P 0
L 5.6047724 0.7578742 5.6388678 0.7775592 1 P 0
L 5.6119775 0.7847645 5.6316626 0.750669 1 P 0
L 5.6119776 0.396338 5.6316627 0.4304335 1 P 0
L 5.6299212 2.0669292 5.6692913 2.0669292 1 P 0
L 5.6299213 2.6574803 5.6692914 2.6574803 1 P 0
L 5.6496063 2.0472441 5.6496063 2.0866142 1 P 0
L 5.6496063 2.6377953 5.6496063 2.6771654 1 P 0
L 5.6496065 0.5905512 5.6889765 0.5905512 1 P 0
L 5.6608696 0.8811833 5.7396098 0.7448014 0 P 0
L 5.6608697 0.2999192 5.7396098 0.4363011 0 P 0
L 5.6692915 0.5708662 5.6692915 0.6102363 1 P 0
L 5.7598427 0.5118111 5.7598427 0.6692914 0 P 0
L 5.7755903 0.511811 5.7755903 0.6692913 0 P 0
L 5.7755903 0.511811 5.9566927 0.511811 0 P 0
L 5.7755903 0.6692913 5.9566927 0.6692913 0 P 0
L 5.7958232 0.436301 5.8745634 0.2999191 0 P 0
L 5.7958232 0.436301 5.9526625 0.5268522 0 P 0
L 5.7958232 0.7448013 5.8745633 0.8811832 0 P 0
L 5.7958232 0.7448013 5.9526624 0.6542501 0 P 0
L 5.8021653 1.8208662 5.8021653 2.3129921 0 P 0
L 5.8021654 2.4114174 5.8021654 2.9035433 0 P 0
L 5.8464565 0.5905512 5.8858265 0.5905512 1 P 0
L 5.8513779 2.4114174 5.8513779 2.9035433 0 P 0
L 5.8513779 2.4114174 6.156496 2.4114174 0 P 0
L 5.8513779 2.9035433 6.156496 2.9035433 0 P 0
L 5.851378 1.8208663 5.851378 2.3129922 0 P 0
L 5.851378 1.8208663 6.1564961 1.8208663 0 P 0
L 5.851378 2.3129922 6.1564961 2.3129922 0 P 0
L 5.8661415 0.5708661 5.8661415 0.6102362 1 P 0
L 5.8745633 0.8811832 6.0314026 0.790632 0 P 0
L 5.8745634 0.2999191 6.0314026 0.3904703 0 P 0
L 5.8965652 0.4035432 5.9306606 0.4232282 1 P 0
L 5.8965652 0.7775592 5.9306606 0.7578742 1 P 0
L 5.9037703 0.7506689 5.9234554 0.7847644 1 P 0
L 5.9037704 0.4304334 5.9234555 0.3963379 1 P 0
L 5.9298404 0.2446421 6.0203916 0.4014814 0 P 0
L 5.9298404 0.2446421 6.0662223 0.165902 0 P 0
L 5.9526624 0.6542501 6.0314026 0.790632 0 P 0
L 5.9526625 0.5268522 6.0314026 0.3904703 0 P 0
L 5.9566927 0.511811 5.9566927 0.6692913 0 P 0
L 5.9842519 2.6574804 6.023622 2.6574804 1 P 0
L 5.984252 2.0669292 6.0236221 2.0669292 1 P 0
L 6.003937 2.0472442 6.003937 2.0866143 1 P 0
L 6.003937 2.6377953 6.003937 2.6771654 1 P 0
L 6.0203916 0.4014814 6.1567735 0.3227412 0 P 0
L 6.0262592 0.2935342 6.0603547 0.2738491 1 P 0
L 6.0334644 0.266644 6.0531494 0.3007394 1 P 0
L 6.0662223 0.165902 6.1567735 0.3227412 0 P 0
L 6.1329934 1.1314392 6.1335087 1.0330154 0 P 0
L 6.1329934 1.1314392 6.3022825 1.1323256 0 P 0
L 6.1335087 1.0330154 6.3027978 1.0339018 0 P 0
L 6.1417322 0.8543309 6.1417322 1.0354333 0 P 0
L 6.1417322 0.8543309 6.2992125 0.8543309 0 P 0
L 6.1417322 1.0354333 6.2992125 1.0354333 0 P 0
L 6.1417323 0.1456691 6.1417323 0.3267715 0 P 0
L 6.1417323 0.1456691 6.2992126 0.1456691 0 P 0
L 6.1417323 0.3267715 6.2992126 0.3267715 0 P 0
L 6.156496 2.4114174 6.156496 2.9035433 0 P 0
L 6.1564961 1.8208663 6.1564961 2.3129922 0 P 0
L 6.1982108 1.0825674 6.2375803 1.0827736 1 P 0
L 6.2007873 0.9448821 6.2401574 0.9448821 1 P 0
L 6.2007874 0.2362203 6.2401575 0.2362203 1 P 0
L 6.2177925 1.1023552 6.2179987 1.0629857 1 P 0
L 6.2204724 0.2165353 6.2204724 0.2559053 1 P 0
L 6.2204724 0.9251971 6.2204724 0.9645671 1 P 0
L 6.2841713 0.8583612 6.3747225 1.0152004 0 P 0
L 6.2841713 0.8583612 6.4205532 0.779621 0 P 0
L 6.2841714 0.3227413 6.3747226 0.165902 0 P 0
L 6.2841714 0.3227413 6.4205533 0.4014814 0 P 0
L 6.2992125 0.8543309 6.2992125 1.0354333 0 P 0
L 6.2992126 0.1456691 6.2992126 0.3267715 0 P 0
L 6.3022825 1.1323256 6.3027978 1.0339018 0 P 0
L 6.3747225 1.0152004 6.5111044 0.9364603 0 P 0
L 6.3747226 0.165902 6.5111045 0.2446422 0 P 0
L 6.3805901 0.9072533 6.4146856 0.8875682 1 P 0
L 6.3805902 0.2738492 6.4146857 0.2935343 1 P 0
L 6.3877954 0.3007394 6.4074804 0.266644 1 P 0
L 6.3877954 0.880363 6.4074804 0.9144584 1 P 0
L 6.4095422 0.3904704 6.4882824 0.5268523 0 P 0
L 6.4095422 0.3904704 6.5663815 0.2999192 0 P 0
L 6.4095422 0.7906321 6.4882823 0.6542502 0 P 0
L 6.4095422 0.7906321 6.5663814 0.8811833 0 P 0
L 6.4205532 0.779621 6.5111044 0.9364603 0 P 0
L 6.4205533 0.4014814 6.5111045 0.2446422 0 P 0
L 6.4842521 0.5118111 6.4842521 0.6692914 0 P 0
L 6.4842521 0.5118111 6.6653545 0.5118111 0 P 0
L 6.4842521 0.6692914 6.6653545 0.6692914 0 P 0
L 6.4882823 0.6542502 6.6451216 0.7448014 0 P 0
L 6.4882824 0.5268523 6.6451216 0.4363011 0 P 0
L 6.5102842 0.4232282 6.5443796 0.4035432 1 P 0
L 6.5102842 0.7578742 6.5443796 0.7775592 1 P 0
L 6.5174893 0.7847645 6.5371744 0.750669 1 P 0
L 6.5174894 0.396338 6.5371745 0.4304335 1 P 0
L 6.5551183 0.5905512 6.5944883 0.5905512 1 P 0
L 6.5663814 0.8811833 6.6451216 0.7448014 0 P 0
L 6.5663815 0.2999192 6.6451216 0.4363011 0 P 0
L 6.5748033 0.5708662 6.5748033 0.6102363 1 P 0
L 6.6653545 0.5118111 6.6653545 0.6692914 0 P 0
L 6.7074409 1.5632126 6.7074409 1.732504 0 P 0
L 6.7074409 1.5632126 6.8058661 1.5632126 0 P 0
L 6.7074409 1.7325039 6.7074409 1.9017953 0 P 0
L 6.7074409 1.7325039 6.8058661 1.7325039 0 P 0
L 6.7074409 1.732504 6.8058661 1.732504 0 P 0
L 6.7074409 1.9017953 6.8058661 1.9017953 0 P 0
L 6.7074409 2.2029763 6.7074409 2.3722677 0 P 0
L 6.7074409 2.2029763 6.8058661 2.2029763 0 P 0
L 6.7074409 2.3722676 6.7074409 2.541559 0 P 0
L 6.7074409 2.3722676 6.8058661 2.3722676 0 P 0
L 6.7074409 2.3722677 6.8058661 2.3722677 0 P 0
L 6.7074409 2.541559 6.8058661 2.541559 0 P 0
L 6.727126 1.4421496 6.727126 1.5484488 0 P 0
L 6.727126 1.4421496 6.7861811 1.4421496 0 P 0
L 6.727126 1.5484488 6.7861811 1.5484488 0 P 0
L 6.727126 2.0819133 6.727126 2.1882125 0 P 0
L 6.727126 2.0819133 6.7861811 2.0819133 0 P 0
L 6.727126 2.1882125 6.7861811 2.1882125 0 P 0
L 6.7369684 1.6478583 6.7763385 1.6478583 1 P 0
L 6.7369684 2.287622 6.7763385 2.287622 1 P 0
L 6.7369685 1.4952992 6.7763386 1.4952992 1 P 0
L 6.7369685 1.8171496 6.7763386 1.8171496 1 P 0
L 6.7369685 2.1350629 6.7763386 2.1350629 1 P 0
L 6.7369685 2.4569133 6.7763386 2.4569133 1 P 0
L 6.7566535 1.4756142 6.7566535 1.5149842 1 P 0
L 6.7566535 1.6281733 6.7566535 1.6675434 1 P 0
L 6.7566535 1.7974645 6.7566535 1.8368346 1 P 0
L 6.7566535 2.1153779 6.7566535 2.1547479 1 P 0
L 6.7566535 2.267937 6.7566535 2.3073071 1 P 0
L 6.7566535 2.4372282 6.7566535 2.4765983 1 P 0
L 6.7861811 1.4421496 6.7861811 1.5484488 0 P 0
L 6.7861811 2.0819133 6.7861811 2.1882125 0 P 0
L 6.8058661 1.5632126 6.8058661 1.732504 0 P 0
L 6.8058661 1.7325039 6.8058661 1.9017953 0 P 0
L 6.8058661 2.2029763 6.8058661 2.3722677 0 P 0
L 6.8058661 2.3722676 6.8058661 2.541559 0 P 0
