#Layer_Color=65535
#
#Feature symbol names
#
$0 r9.8425
$1 r23.622
$2 r10
$3 r7.874

#
#Feature attribute names
#

#
#Layer features
#
A 1.2795278 0.5905512 1.2795278 0.5905512 0.9055118 0.5905512 2 P 0 N
A 2.1850396 0.5905512 2.1850396 0.5905512 1.8110236 0.5905512 2 P 0 N
A 3.278937 2.5299212 3.278937 2.5299212 3.2740157 2.5299212 0 P 0 N
A 3.4842522 0.5905512 3.4842522 0.5905512 3.1102362 0.5905512 2 P 0 N
A 3.5331148 2.3326063 3.5331148 2.3326063 3.5281935 2.3326063 0 P 0 N
A 3.5748031 2.2504816 3.5748031 2.2504816 3.5629921 2.2504816 1 P 0 N
A 3.6448769 2.4624063 3.6448769 2.4624063 3.6399556 2.4624063 0 P 0 N
A 3.7479498 2.4859301 3.7479498 2.4859301 3.7361388 2.4859301 1 P 0 N
A 4.389764 0.5905512 4.389764 0.5905512 4.015748 0.5905512 2 P 0 N
A 4.8503937 1.25 4.8503937 1.25 4.8454724 1.25 0 P 0 N
A 5.522441 1.9055118 5.522441 1.9055118 5.5175197 1.9055118 0 P 0 N
A 5.6889766 0.5905512 5.6889766 0.5905512 5.3149606 0.5905512 2 P 0 N
A 5.7866142 2.8188977 5.7866142 2.8188977 5.7816929 2.8188977 0 P 0 N
A 5.8767717 2.496063 5.8767717 2.496063 5.8718504 2.496063 0 P 0 N
A 6.1409449 2.2283466 6.1409449 2.2283466 6.1360236 2.2283466 0 P 0 N
A 6.5944884 0.5905512 6.5944884 0.5905512 6.2204724 0.5905512 2 P 0 N
L 3.0041695 2.1490724 3.0459279 2.107314 3 P 0
L 3.0250487 2.2673875 3.0807264 2.3230652 3 P 0
L 3.0284862 1.7716534 3.5629921 1.2371475 3 P 0
L 3.0284862 1.7716534 3.5629921 2.3061593 3 P 0
L 3.1153543 2.6257874 3.1153543 3.2757874 3 P 0
L 3.1153543 2.6257874 3.1307086 2.6257874 3 P 0
L 3.1153543 3.2757874 3.1307086 3.2757874 3 P 0
L 3.1440944 2.4492125 3.1440944 2.4925196 3 P 0
L 3.1440944 2.4492125 3.1755905 2.4492125 3 P 0
L 3.164243 2.1281932 3.2199207 2.1838709 3 P 0
L 3.1990415 2.3439444 3.2407999 2.302186 3 P 0
L 3.2307086 2.4492125 3.2622046 2.4492125 3 P 0
L 3.2622046 2.4492125 3.2622046 2.4925196 3 P 0
L 3.4456693 2.6259843 3.6326771 2.6259843 3 P 0
L 3.5629921 1.2371475 4.097498 1.7716534 3 P 0
L 3.5629921 2.3061593 4.097498 1.7716534 3 P 0
L 3.6804611 2.4859301 3.7667615 2.5722305 3 P 0
L 3.6804611 2.4859301 3.8168715 2.3495197 3 P 0
L 3.7667615 2.5722305 3.9031719 2.4358201 3 P 0
L 3.8 2.6257874 3.8153543 2.6257874 3 P 0
L 3.8 3.2757874 3.8153543 3.2757874 3 P 0
L 3.8153543 2.6257874 3.8153543 3.2757874 3 P 0
L 3.8168715 2.3495197 3.9031719 2.4358201 3 P 0
L 4.4685039 1.1614173 4.4685039 1.3582677 2 P 0
L 4.4685039 1.1614173 4.507874 1.1614173 2 P 0
L 4.4685039 1.3582677 4.4783464 1.3582677 2 P 0
L 4.6259842 1.1614173 4.6653543 1.1614173 2 P 0
L 4.6555118 1.3582677 4.6653543 1.3582677 2 P 0
L 4.6653543 1.1614173 4.6653543 1.3582677 2 P 0
L 4.7145669 1.1732283 4.7145669 1.2125984 3 P 0
L 4.7145669 1.1732283 4.7450787 1.1732283 3 P 0
L 4.8021653 1.1732283 4.8326771 1.1732283 3 P 0
L 4.8326771 1.1732283 4.8326771 1.2125984 3 P 0
L 5.5147638 2.0078741 5.5147638 2.2588583 3 P 0
L 5.5147638 2.0078741 5.5246063 2.0078741 3 P 0
L 5.5147638 2.2588583 5.5246063 2.2588583 3 P 0
L 5.5167323 2.4655512 5.5167323 2.7165354 3 P 0
L 5.5167323 2.4655512 5.5265748 2.4655512 3 P 0
L 5.5167323 2.7165354 5.5265748 2.7165354 3 P 0
L 5.7726378 2.0078741 5.7824803 2.0078741 3 P 0
L 5.7726378 2.2588583 5.7824803 2.2588583 3 P 0
L 5.7746063 2.4655512 5.7844488 2.4655512 3 P 0
L 5.7746063 2.7165354 5.7844488 2.7165354 3 P 0
L 5.7824803 2.0078741 5.7824803 2.2588583 3 P 0
L 5.7844488 2.4655512 5.7844488 2.7165354 3 P 0
L 5.8690945 2.5984253 5.8690945 2.8494095 3 P 0
L 5.8690945 2.5984253 5.878937 2.5984253 3 P 0
L 5.8690945 2.8494095 5.878937 2.8494095 3 P 0
L 5.871063 1.8750001 5.871063 2.1259843 3 P 0
L 5.871063 1.8750001 5.8809055 1.8750001 3 P 0
L 5.871063 2.1259843 5.8809055 2.1259843 3 P 0
L 6.1269685 2.5984253 6.136811 2.5984253 3 P 0
L 6.1269685 2.8494095 6.136811 2.8494095 3 P 0
L 6.128937 1.8750001 6.1387795 1.8750001 3 P 0
L 6.128937 2.1259843 6.1387795 2.1259843 3 P 0
L 6.136811 2.5984253 6.136811 2.8494095 3 P 0
L 6.1387795 1.8750001 6.1387795 2.1259843 3 P 0
