#Layer_Color=16711935
#
#Feature symbol names
#
$0 r3.937
$1 rect155.5118x24.3583

#
#Feature attribute names
#

#
#Layer features
#
A 3.5826771 2.2783205 3.5826771 2.2783205 3.5629921 2.2783205 0 P 0 N
A 3.7391205 2.4747945 3.7391205 2.4747945 3.7194355 2.4747945 0 P 0 N
L 0.005508 1.6442203 0.01586 1.6442203 0 P 0
L 0.0055112 1.6442235 0.0055112 1.6723227 0 P 0
L 0.0055112 1.6442235 0.0055144 1.6442203 0 P 0
L 0.0055112 1.6723227 0.0158568 1.6723227 0 P 0
L 0.0158662 1.6442126 0.022884 1.6501243 0 P 0
L 0.0158662 1.6723229 0.022884 1.6664219 0 P 0
L 0.022884 1.6501243 0.0279496 1.6501243 0 P 0
L 0.022884 1.6664219 0.0279496 1.6664219 0 P 0
L 0.0279496 1.3759899 0.0279496 1.6948859 0 P 0
L 0.0279496 1.3759899 0.4279496 1.3759899 0 P 0
L 0.0279496 1.6948859 0.4279496 1.6948859 0 P 0
L 0.027956 1.0216496 0.027956 1.3405456 0 P 0
L 0.027956 1.0216496 0.427956 1.0216496 0 P 0
L 0.027956 1.3405456 0.427956 1.3405456 0 P 0
L 0.4279496 1.3759899 0.4279496 1.6948859 0 P 0
L 0.427956 1.0216496 0.427956 1.3405456 0 P 0
L 0.427956 1.0501136 0.4330216 1.0501136 0 P 0
L 0.427956 1.0664112 0.4330216 1.0664112 0 P 0
L 0.4330216 1.0501136 0.4400394 1.0442126 0 P 0
L 0.4330216 1.0664112 0.4400394 1.0723229 0 P 0
L 0.4400456 1.0723152 0.4503976 1.0723152 0 P 0
L 0.4400488 1.0442128 0.4503944 1.0442128 0 P 0
L 0.4503912 1.0723152 0.4503944 1.072312 0 P 0
L 0.4503944 1.0442128 0.4503944 1.072312 0 P 0
L 0.5236218 0.5314961 0.5236218 0.6496063 0 P 0
L 0.5236218 0.5314961 0.57874 0.5314961 0 P 0
L 0.5236218 0.6496063 0.57874 0.6496063 0 P 0
L 0.5452579 0.4507494 0.5929916 0.4783085 0 P 0
L 0.5452579 0.4507494 0.604313 0.3484629 0 P 0
L 0.5452579 0.730353 0.5929916 0.7027939 0 P 0
L 0.5452579 0.730353 0.604313 0.8326395 0 P 0
L 0.57874 0.5314961 0.57874 0.6496063 0 P 0
L 0.5929916 0.4783085 0.6520467 0.376022 0 P 0
L 0.5929916 0.7027939 0.6520467 0.8050804 0 P 0
L 0.604313 0.3484629 0.6520467 0.376022 0 P 0
L 0.604313 0.8326395 0.6520467 0.8050804 0 P 0
L 0.6634235 0.2893524 0.6909826 0.3370861 0 P 0
L 0.6634235 0.2893524 0.76571 0.2302973 0 P 0
L 0.6909826 0.3370861 0.7932691 0.278031 0 P 0
L 0.76571 0.2302973 0.7932691 0.278031 0 P 0
L 0.8464567 0.2086612 0.8464567 0.2637794 0 P 0
L 0.8464567 0.2086612 0.9645669 0.2086612 0 P 0
L 0.8464567 0.2637794 0.9645669 0.2637794 0 P 0
L 0.8464567 0.917323 0.8464567 0.9724412 0 P 0
L 0.8464567 0.917323 0.9645669 0.917323 0 P 0
L 0.8464567 0.9724412 0.9645669 0.9724412 0 P 0
L 0.8594842 1.1100024 0.8597728 1.054885 0 P 0
L 0.8594842 1.1100024 0.9460972 1.1104559 0 P 0
L 0.8597728 1.054885 0.9463858 1.0553385 0 P 0
L 0.9460972 1.1104559 0.9463858 1.0553385 0 P 0
L 0.9645669 0.2086612 0.9645669 0.2637794 0 P 0
L 0.9645669 0.917323 0.9645669 0.9724412 0 P 0
L 1.0177545 0.278031 1.0453136 0.2302973 0 P 0
L 1.0177545 0.278031 1.120041 0.3370861 0 P 0
L 1.0177545 0.9030714 1.0453136 0.9508051 0 P 0
L 1.0177545 0.9030714 1.120041 0.8440163 0 P 0
L 1.0453136 0.2302973 1.1476001 0.2893524 0 P 0
L 1.0453136 0.9508051 1.1476001 0.89175 0 P 0
L 1.120041 0.3370861 1.1476001 0.2893524 0 P 0
L 1.120041 0.8440163 1.1476001 0.89175 0 P 0
L 1.1589769 0.376022 1.2067106 0.3484629 0 P 0
L 1.1589769 0.376022 1.218032 0.4783085 0 P 0
L 1.1589769 0.8050804 1.2067106 0.8326395 0 P 0
L 1.1589769 0.8050804 1.218032 0.7027939 0 P 0
L 1.2067106 0.3484629 1.2657657 0.4507494 0 P 0
L 1.2067106 0.8326395 1.2657657 0.730353 0 P 0
L 1.218032 0.4783085 1.2657657 0.4507494 0 P 0
L 1.218032 0.7027939 1.2657657 0.730353 0 P 0
L 1.2322836 0.5314961 1.2322836 0.6496063 0 P 0
L 1.2322836 0.5314961 1.2874018 0.5314961 0 P 0
L 1.2322836 0.6496063 1.2874018 0.6496063 0 P 0
L 1.2874018 0.5314961 1.2874018 0.6496063 0 P 0
L 1.4291336 0.5314961 1.4291336 0.6496063 0 P 0
L 1.4291336 0.5314961 1.4842518 0.5314961 0 P 0
L 1.4291336 0.6496063 1.4842518 0.6496063 0 P 0
L 1.4507697 0.4507494 1.4985034 0.4783085 0 P 0
L 1.4507697 0.4507494 1.5098248 0.3484629 0 P 0
L 1.4507697 0.730353 1.4985034 0.7027939 0 P 0
L 1.4507697 0.730353 1.5098248 0.8326395 0 P 0
L 1.4842518 0.5314961 1.4842518 0.6496063 0 P 0
L 1.4985034 0.4783085 1.5575585 0.376022 0 P 0
L 1.4985034 0.7027939 1.5575585 0.8050804 0 P 0
L 1.5098248 0.3484629 1.5575585 0.376022 0 P 0
L 1.5098248 0.8326395 1.5575585 0.8050804 0 P 0
L 1.5689353 0.2893524 1.5964944 0.3370861 0 P 0
L 1.5689353 0.2893524 1.6712218 0.2302973 0 P 0
L 1.5964944 0.3370861 1.6987809 0.278031 0 P 0
L 1.6712218 0.2302973 1.6987809 0.278031 0 P 0
L 1.7519685 0.2086612 1.7519685 0.2637794 0 P 0
L 1.7519685 0.2086612 1.8700787 0.2086612 0 P 0
L 1.7519685 0.2637794 1.8700787 0.2637794 0 P 0
L 1.7519685 0.917323 1.7519685 0.9724412 0 P 0
L 1.7519685 0.917323 1.8700787 0.917323 0 P 0
L 1.7519685 0.9724412 1.8700787 0.9724412 0 P 0
L 1.764996 1.1100024 1.7652846 1.054885 0 P 0
L 1.764996 1.1100024 1.851609 1.1104559 0 P 0
L 1.7652846 1.054885 1.8518976 1.0553385 0 P 0
L 1.851609 1.1104559 1.8518976 1.0553385 0 P 0
L 1.8700787 0.2086612 1.8700787 0.2637794 0 P 0
L 1.8700787 0.917323 1.8700787 0.9724412 0 P 0
L 1.9232663 0.278031 1.9508254 0.2302973 0 P 0
L 1.9232663 0.278031 2.0255528 0.3370861 0 P 0
L 1.9232663 0.9030714 1.9508254 0.9508051 0 P 0
L 1.9232663 0.9030714 2.0255528 0.8440163 0 P 0
L 1.9508254 0.2302973 2.0531119 0.2893524 0 P 0
L 1.9508254 0.9508051 2.0531119 0.89175 0 P 0
L 2.0255528 0.3370861 2.0531119 0.2893524 0 P 0
L 2.0255528 0.8440163 2.0531119 0.89175 0 P 0
L 2.0644887 0.376022 2.1122224 0.3484629 0 P 0
L 2.0644887 0.376022 2.1235438 0.4783085 0 P 0
L 2.0644887 0.8050804 2.1122224 0.8326395 0 P 0
L 2.0644887 0.8050804 2.1235438 0.7027939 0 P 0
L 2.1122224 0.3484629 2.1712775 0.4507494 0 P 0
L 2.1122224 0.8326395 2.1712775 0.730353 0 P 0
L 2.1235438 0.4783085 2.1712775 0.4507494 0 P 0
L 2.1235438 0.7027939 2.1712775 0.730353 0 P 0
L 2.1377954 0.5314961 2.1377954 0.6496063 0 P 0
L 2.1377954 0.5314961 2.1929136 0.5314961 0 P 0
L 2.1377954 0.6496063 2.1929136 0.6496063 0 P 0
L 2.1929136 0.5314961 2.1929136 0.6496063 0 P 0
L 2.2194877 2.2125976 2.2194877 2.4574794 0 P 0
L 2.2194877 2.2125976 2.4852357 2.2125976 0 P 0
L 2.2194877 2.4574794 2.4852357 2.4574794 0 P 0
L 2.2194881 1.5334636 2.2194881 1.7783454 0 P 0
L 2.2194881 1.5334636 2.4852361 1.5334636 0 P 0
L 2.2194881 1.7783454 2.4852361 1.7783454 0 P 0
L 2.2194894 2.8897631 2.2194894 3.1346449 0 P 0
L 2.2194894 2.8897631 2.4852374 2.8897631 0 P 0
L 2.2194894 3.1346449 2.4852374 3.1346449 0 P 0
L 2.3110218 1.889764 2.3110218 2.0000002 0 P 0
L 2.3110218 1.889764 2.4527541 1.889764 0 P 0
L 2.3110218 2.0000002 2.4527541 2.0000002 0 P 0
L 2.3110218 2.5688963 2.3110218 2.6791325 0 P 0
L 2.3110218 2.5688963 2.4527541 2.5688963 0 P 0
L 2.3110218 2.6791325 2.4527541 2.6791325 0 P 0
L 2.3110221 3.2460623 2.3110221 3.3562985 0 P 0
L 2.3110221 3.2460623 2.4527544 3.2460623 0 P 0
L 2.3110221 3.3562985 2.4527544 3.3562985 0 P 0
L 2.4496063 2.7204724 2.4496063 2.8070866 0 P 0
L 2.4496063 2.7204724 2.5047244 2.7204724 0 P 0
L 2.4496063 2.8070866 2.5047244 2.8070866 0 P 0
L 2.4527541 1.889764 2.4527541 2.0000002 0 P 0
L 2.4527541 2.5688963 2.4527541 2.6791325 0 P 0
L 2.4527544 3.2460623 2.4527544 3.3562985 0 P 0
L 2.4852357 2.2125976 2.4852357 2.4574794 0 P 0
L 2.4852361 1.5334636 2.4852361 1.7783454 0 P 0
L 2.4852374 2.8897631 2.4852374 3.1346449 0 P 0
L 2.5039361 1.6427175 2.5039361 1.7883868 0 P 0
L 2.5039361 1.6427175 2.7677156 1.6427175 0 P 0
L 2.5039361 1.7883868 2.7677156 1.7883868 0 P 0
L 2.5039361 2.3218518 2.5039361 2.4675211 0 P 0
L 2.5039361 2.3218518 2.7677156 2.3218518 0 P 0
L 2.5039361 2.4675211 2.7677156 2.4675211 0 P 0
L 2.5039363 2.9990178 2.5039363 3.1446871 0 P 0
L 2.5039363 2.9990178 2.7677158 2.9990178 0 P 0
L 2.5039363 3.1446871 2.7677158 3.1446871 0 P 0
L 2.5047244 2.7204724 2.5047244 2.8070866 0 P 0
L 2.6053138 1.4173238 2.6053138 1.52756 0 P 0
L 2.6053138 1.4173238 2.7470461 1.4173238 0 P 0
L 2.6053138 1.52756 2.7470461 1.52756 0 P 0
L 2.6053138 2.0964561 2.6053138 2.2066923 0 P 0
L 2.6053138 2.0964561 2.7470461 2.0964561 0 P 0
L 2.6053138 2.2066923 2.7470461 2.2066923 0 P 0
L 2.605314 2.7736221 2.605314 2.8838583 0 P 0
L 2.605314 2.7736221 2.7470463 2.7736221 0 P 0
L 2.605314 2.8838583 2.7470463 2.8838583 0 P 0
L 2.6496064 2.7204724 2.6496064 2.8070866 0 P 0
L 2.6496064 2.7204724 2.7047245 2.7204724 0 P 0
L 2.6496064 2.8070866 2.7047245 2.8070866 0 P 0
L 2.7047245 2.7204724 2.7047245 2.8070866 0 P 0
L 2.7283462 0.5314961 2.7283462 0.6496063 0 P 0
L 2.7283462 0.5314961 2.7834644 0.5314961 0 P 0
L 2.7283462 0.6496063 2.7834644 0.6496063 0 P 0
L 2.7470461 1.4173238 2.7470461 1.52756 0 P 0
L 2.7470461 2.0964561 2.7470461 2.2066923 0 P 0
L 2.7470463 2.7736221 2.7470463 2.8838583 0 P 0
L 2.7496064 2.7204724 2.7496064 2.8070866 0 P 0
L 2.7496064 2.7204724 2.8047245 2.7204724 0 P 0
L 2.7496064 2.8070866 2.8047245 2.8070866 0 P 0
L 2.7499823 0.4507494 2.797716 0.4783085 0 P 0
L 2.7499823 0.4507494 2.8090374 0.3484629 0 P 0
L 2.7499823 0.730353 2.797716 0.7027939 0 P 0
L 2.7499823 0.730353 2.8090374 0.8326395 0 P 0
L 2.7677156 1.6427175 2.7677156 1.7883868 0 P 0
L 2.7677156 2.3218518 2.7677156 2.4675211 0 P 0
L 2.7677158 2.9990178 2.7677158 3.1446871 0 P 0
L 2.7834644 0.5314961 2.7834644 0.6496063 0 P 0
L 2.797716 0.4783085 2.8567711 0.376022 0 P 0
L 2.797716 0.7027939 2.8567711 0.8050804 0 P 0
L 2.8047245 2.7204724 2.8047245 2.8070866 0 P 0
L 2.8090374 0.3484629 2.8567711 0.376022 0 P 0
L 2.8090374 0.8326395 2.8567711 0.8050804 0 P 0
L 2.8496064 2.7204724 2.8496064 2.8070866 0 P 0
L 2.8496064 2.7204724 2.9047245 2.7204724 0 P 0
L 2.8496064 2.8070866 2.9047245 2.8070866 0 P 0
L 2.8681479 0.2893524 2.895707 0.3370861 0 P 0
L 2.8681479 0.2893524 2.9704344 0.2302973 0 P 0
L 2.8942991 1.6180995 2.922138 1.5902606 0 P 0
L 2.8942991 1.6180995 2.9444091 1.6682095 0 P 0
L 2.895707 0.3370861 2.9979935 0.278031 0 P 0
L 2.9047245 2.7204724 2.9047245 2.8070866 0 P 0
L 2.922138 1.5902606 2.972248 1.6403706 0 P 0
L 2.936058 1.5762215 2.9638969 1.5483826 0 P 0
L 2.936058 1.5762215 2.986168 1.6263315 0 P 0
L 2.9444091 1.6682095 2.972248 1.6403706 0 P 0
L 2.9638969 1.5483826 3.0140069 1.5984926 0 P 0
L 2.9704344 0.2302973 2.9979935 0.278031 0 P 0
L 2.986168 1.6263315 3.0140069 1.5984926 0 P 0
L 2.9977578 2.0445607 3.0255967 2.0723996 0 P 0
L 2.9977578 2.0445607 3.0478678 1.9944507 0 P 0
L 3.0062152 1.7716534 3.5629921 1.2148765 0 P 0
L 3.0062152 1.7716534 3.5629921 2.3284304 0 P 0
L 3.0255967 2.0723996 3.0757067 2.0222896 0 P 0
L 3.0478678 1.9944507 3.0757067 2.0222896 0 P 0
L 3.0511811 0.2086612 3.0511811 0.2637794 0 P 0
L 3.0511811 0.2086612 3.1692913 0.2086612 0 P 0
L 3.0511811 0.2637794 3.1692913 0.2637794 0 P 0
L 3.0511811 0.917323 3.0511811 0.9724412 0 P 0
L 3.0511811 0.917323 3.1692913 0.917323 0 P 0
L 3.0511811 0.9724412 3.1692913 0.9724412 0 P 0
L 3.0642086 1.1100024 3.0644972 1.054885 0 P 0
L 3.0642086 1.1100024 3.1508216 1.1104559 0 P 0
L 3.0644972 1.054885 3.1511102 1.0553385 0 P 0
L 3.1440944 2.4492125 3.1440944 2.5082677 0 P 0
L 3.1440944 2.4492125 3.2622046 2.4492125 0 P 0
L 3.1440944 2.5082677 3.2622046 2.5082677 0 P 0
L 3.1508216 1.1104559 3.1511102 1.0553385 0 P 0
L 3.1692913 0.2086612 3.1692913 0.2637794 0 P 0
L 3.1692913 0.917323 3.1692913 0.9724412 0 P 0
L 3.2005265 1.3117514 3.2283654 1.2839125 0 P 0
L 3.2005265 1.3117514 3.2506365 1.3618614 0 P 0
L 3.2224789 0.278031 3.250038 0.2302973 0 P 0
L 3.2224789 0.278031 3.3247654 0.3370861 0 P 0
L 3.2224789 0.9030714 3.250038 0.9508051 0 P 0
L 3.2224789 0.9030714 3.3247654 0.8440163 0 P 0
L 3.2283654 1.2839125 3.2784754 1.3340225 0 P 0
L 3.2422846 1.2699925 3.2701235 1.2421536 0 P 0
L 3.2422846 1.2699925 3.2923946 1.3201025 0 P 0
L 3.250038 0.2302973 3.3523245 0.2893524 0 P 0
L 3.250038 0.9508051 3.3523245 0.89175 0 P 0
L 3.2506365 1.3618614 3.2784754 1.3340225 0 P 0
L 3.2622046 2.4492125 3.2622046 2.5082677 0 P 0
L 3.2644203 1.6484666 3.3423691 1.5705178 0 P 0
L 3.2644203 1.6484666 3.3646402 1.7486865 0 P 0
L 3.2644203 1.8948406 3.3423691 1.9727894 0 P 0
L 3.2644203 1.8948406 3.3646402 1.7946207 0 P 0
L 3.2668192 2.3536553 3.3057936 2.3926297 0 P 0
L 3.2668192 2.3536553 3.3280647 2.2924098 0 P 0
L 3.2701235 1.2421536 3.3202335 1.2922636 0 P 0
L 3.2740176 2.3451512 3.3018565 2.3729901 0 P 0
L 3.2740176 2.3451512 3.3241276 2.2950412 0 P 0
L 3.2923946 1.3201025 3.3202335 1.2922636 0 P 0
L 3.2980314 2.443307 3.2980314 2.5141732 0 P 0
L 3.2980314 2.443307 3.3374015 2.443307 0 P 0
L 3.2980314 2.5141732 3.3374015 2.5141732 0 P 0
L 3.3018565 2.3729901 3.3519665 2.3228801 0 P 0
L 3.3057936 2.3926297 3.3670391 2.3313842 0 P 0
L 3.319685 3.3602362 3.319685 3.4468504 0 P 0
L 3.319685 3.3602362 3.3748031 3.3602362 0 P 0
L 3.319685 3.4468504 3.3748031 3.4468504 0 P 0
L 3.3241276 2.2950412 3.3519665 2.3228801 0 P 0
L 3.3247654 0.3370861 3.3523245 0.2893524 0 P 0
L 3.3247654 0.8440163 3.3523245 0.89175 0 P 0
L 3.3258738 2.4127106 3.3648482 2.451685 0 P 0
L 3.3258738 2.4127106 3.3871193 2.3514651 0 P 0
L 3.3280647 2.2924098 3.3670391 2.3313842 0 P 0
L 3.3374015 2.443307 3.3374015 2.5141732 0 P 0
L 3.3423691 1.5705178 3.442589 1.6707377 0 P 0
L 3.3423691 1.9727894 3.442589 1.8725695 0 P 0
L 3.3618563 1.5510306 3.4398051 1.4730818 0 P 0
L 3.3618563 1.5510306 3.4620762 1.6512505 0 P 0
L 3.3618563 1.9922766 3.4398051 2.0702254 0 P 0
L 3.3618563 1.9922766 3.4620762 1.8920567 0 P 0
L 3.3637013 0.376022 3.411435 0.3484629 0 P 0
L 3.3637013 0.376022 3.4227564 0.4783085 0 P 0
L 3.3637013 0.8050804 3.411435 0.8326395 0 P 0
L 3.3637013 0.8050804 3.4227564 0.7027939 0 P 0
L 3.3646402 1.7486865 3.442589 1.6707377 0 P 0
L 3.3646402 1.7946207 3.442589 1.8725695 0 P 0
L 3.3648482 2.451685 3.4260937 2.3904395 0 P 0
L 3.3748031 3.3602362 3.3748031 3.4468504 0 P 0
L 3.3871193 2.3514651 3.4260937 2.3904395 0 P 0
L 3.411435 0.3484629 3.4704901 0.4507494 0 P 0
L 3.411435 0.8326395 3.4704901 0.730353 0 P 0
L 3.4173228 3.3602362 3.4173228 3.4468504 0 P 0
L 3.4173228 3.3602362 3.4724409 3.3602362 0 P 0
L 3.4173228 3.4468504 3.4724409 3.4468504 0 P 0
L 3.4227564 0.4783085 3.4704901 0.4507494 0 P 0
L 3.4227564 0.7027939 3.4704901 0.730353 0 P 0
L 3.437008 0.5314961 3.437008 0.6496063 0 P 0
L 3.437008 0.5314961 3.4921262 0.5314961 0 P 0
L 3.437008 0.6496063 3.4921262 0.6496063 0 P 0
L 3.4398051 1.4730818 3.540025 1.5733017 0 P 0
L 3.4398051 2.0702254 3.540025 1.9700055 0 P 0
L 3.4620762 1.6512505 3.540025 1.5733017 0 P 0
L 3.4620762 1.8920567 3.540025 1.9700055 0 P 0
L 3.4724409 3.3602362 3.4724409 3.4468504 0 P 0
L 3.4921262 0.5314961 3.4921262 0.6496063 0 P 0
L 3.5629921 1.2148765 4.119769 1.7716534 0 P 0
L 3.5629921 2.3284304 4.119769 1.7716534 0 P 0
L 3.5807086 2.531496 3.5807086 2.5866141 0 P 0
L 3.5807086 2.531496 3.6673228 2.531496 0 P 0
L 3.5807086 2.5866141 3.6673228 2.5866141 0 P 0
L 3.5859592 1.5733017 3.663908 1.6512505 0 P 0
L 3.5859592 1.5733017 3.6861791 1.4730818 0 P 0
L 3.5859592 1.9700055 3.663908 1.8920567 0 P 0
L 3.5859592 1.9700055 3.6861791 2.0702254 0 P 0
L 3.633858 0.531496 3.633858 0.6496062 0 P 0
L 3.633858 0.531496 3.6889762 0.531496 0 P 0
L 3.633858 0.6496062 3.6889762 0.6496062 0 P 0
L 3.6554941 0.4507494 3.7032278 0.4783085 0 P 0
L 3.6554941 0.4507494 3.7145492 0.3484629 0 P 0
L 3.6554941 0.730353 3.7032278 0.7027939 0 P 0
L 3.6554941 0.730353 3.7145492 0.8326395 0 P 0
L 3.663908 1.6512505 3.7641279 1.5510306 0 P 0
L 3.663908 1.8920567 3.7641279 1.9922766 0 P 0
L 3.6673228 2.531496 3.6673228 2.5866141 0 P 0
L 3.6693256 2.4747946 3.7778971 2.5833661 0 P 0
L 3.6693256 2.4747946 3.805736 2.3383842 0 P 0
L 3.6833951 1.8725694 3.7613439 1.7946206 0 P 0
L 3.6833951 1.8725694 3.783615 1.9727893 0 P 0
L 3.6833952 1.6707377 3.761344 1.7486865 0 P 0
L 3.6833952 1.6707377 3.7836151 1.5705178 0 P 0
L 3.6861791 1.4730818 3.7641279 1.5510306 0 P 0
L 3.6861791 2.0702254 3.7641279 1.9922766 0 P 0
L 3.6889762 0.531496 3.6889762 0.6496062 0 P 0
L 3.7032278 0.4783085 3.7622829 0.376022 0 P 0
L 3.7032278 0.7027939 3.7622829 0.8050804 0 P 0
L 3.7116134 2.4429132 3.7116134 2.6240156 0 P 0
L 3.7116134 2.4429132 3.8671252 2.4429132 0 P 0
L 3.7116134 2.6240156 3.8671252 2.6240156 0 P 0
L 3.7145492 0.3484629 3.7622829 0.376022 0 P 0
L 3.7145492 0.8326395 3.7622829 0.8050804 0 P 0
L 3.7361529 1.2226681 3.7639918 1.250507 0 P 0
L 3.7361529 1.2226681 3.7862629 1.1725581 0 P 0
L 3.7613439 1.7946206 3.8615638 1.8948405 0 P 0
L 3.761344 1.7486865 3.8615639 1.6484666 0 P 0
L 3.7639918 1.250507 3.8141018 1.200397 0 P 0
L 3.7736597 0.2893524 3.8012188 0.3370861 0 P 0
L 3.7736597 0.2893524 3.8759462 0.2302973 0 P 0
L 3.7778971 2.5833661 3.9143075 2.4469557 0 P 0
L 3.7779134 1.2644272 3.8057523 1.2922661 0 P 0
L 3.7779134 1.2644272 3.8280234 1.2143172 0 P 0
L 3.783615 1.9727893 3.8615638 1.8948405 0 P 0
L 3.7836151 1.5705178 3.8615639 1.6484666 0 P 0
L 3.7862629 1.1725581 3.8141018 1.200397 0 P 0
L 3.7874016 2.9881891 3.7874016 3.2322835 0 P 0
L 3.7874016 2.9881891 4.0472441 2.9881891 0 P 0
L 3.7874016 3.2322835 4.0472441 3.2322835 0 P 0
L 3.8012188 0.3370861 3.9035053 0.278031 0 P 0
L 3.805736 2.3383842 3.9143075 2.4469557 0 P 0
L 3.8057498 2.2510437 3.8335887 2.2232048 0 P 0
L 3.8057498 2.2510437 3.8558598 2.3011537 0 P 0
L 3.8057523 1.2922661 3.8558623 1.2421561 0 P 0
L 3.8280234 1.2143172 3.8558623 1.2421561 0 P 0
L 3.8335887 2.2232048 3.8836987 2.2733148 0 P 0
L 3.8558598 2.3011537 3.8836987 2.2733148 0 P 0
L 3.8614275 2.1953639 3.8892664 2.167525 0 P 0
L 3.8614275 2.1953639 3.9115375 2.2454739 0 P 0
L 3.8671252 2.4429132 3.8671252 2.6240156 0 P 0
L 3.8759462 0.2302973 3.9035053 0.278031 0 P 0
L 3.8789373 2.4429144 3.8789373 2.6240168 0 P 0
L 3.8789373 2.4429144 4.0344491 2.4429144 0 P 0
L 3.8789373 2.6240168 4.0344491 2.6240168 0 P 0
L 3.8799232 2.325203 3.9077621 2.2973641 0 P 0
L 3.8799232 2.325203 3.9300332 2.375313 0 P 0
L 3.8892664 2.167525 3.9393764 2.217635 0 P 0
L 3.9077621 2.2973641 3.9578721 2.3474741 0 P 0
L 3.9115375 2.2454739 3.9393764 2.217635 0 P 0
L 3.9300332 2.375313 3.9578721 2.3474741 0 P 0
L 3.9356381 1.4017655 3.9746125 1.4407399 0 P 0
L 3.9356381 1.4017655 3.9968836 1.34052 0 P 0
L 3.9566929 0.2086612 3.9566929 0.2637794 0 P 0
L 3.9566929 0.2086612 4.0748031 0.2086612 0 P 0
L 3.9566929 0.2637794 4.0748031 0.2637794 0 P 0
L 3.9566929 0.917323 3.9566929 0.9724412 0 P 0
L 3.9566929 0.917323 4.0748031 0.917323 0 P 0
L 3.9566929 0.9724412 4.0748031 0.9724412 0 P 0
L 3.9697204 1.1100024 3.970009 1.054885 0 P 0
L 3.9697204 1.1100024 4.0563334 1.1104559 0 P 0
L 3.970009 1.054885 4.056622 1.0553385 0 P 0
L 3.9727827 2.084009 4.0006216 2.0561701 0 P 0
L 3.9727827 2.084009 4.0228927 2.134119 0 P 0
L 3.9746125 1.4407399 4.035858 1.3794944 0 P 0
L 3.9867023 1.4732176 4.0145412 1.5010565 0 P 0
L 3.9867023 1.4732176 4.0368123 1.4231076 0 P 0
L 3.9968836 1.34052 4.035858 1.3794944 0 P 0
L 4.0006216 2.0561701 4.0507316 2.1062801 0 P 0
L 4.0145412 1.5010565 4.0646512 1.4509465 0 P 0
L 4.0228927 2.134119 4.0507316 2.1062801 0 P 0
L 4.0344491 2.4429144 4.0344491 2.6240168 0 P 0
L 4.0368123 1.4231076 4.0646512 1.4509465 0 P 0
L 4.0462594 2.4429127 4.0462594 2.6240151 0 P 0
L 4.0462594 2.4429127 4.2017712 2.4429127 0 P 0
L 4.0462594 2.6240151 4.2017712 2.6240151 0 P 0
L 4.0462603 2.6988182 4.0462603 2.8799206 0 P 0
L 4.0462603 2.6988182 4.2017721 2.6988182 0 P 0
L 4.0462603 2.8799206 4.2017721 2.8799206 0 P 0
L 4.0472441 2.9881891 4.0472441 3.2322835 0 P 0
L 4.0563011 2.000518 4.08414 1.9726791 0 P 0
L 4.0563011 2.000518 4.1064111 2.050628 0 P 0
L 4.0563334 1.1104559 4.056622 1.0553385 0 P 0
L 4.0669292 2.9586614 4.0669292 3.0452756 0 P 0
L 4.0669292 2.9586614 4.1220473 2.9586614 0 P 0
L 4.0669292 3.0452756 4.1220473 3.0452756 0 P 0
L 4.0702191 1.5567343 4.098058 1.5845732 0 P 0
L 4.0702191 1.5567343 4.1203291 1.5066243 0 P 0
L 4.0748031 0.2086612 4.0748031 0.2637794 0 P 0
L 4.0748031 0.917323 4.0748031 0.9724412 0 P 0
L 4.08414 1.9726791 4.13425 2.0227891 0 P 0
L 4.098058 1.5845732 4.148168 1.5344632 0 P 0
L 4.1064111 2.050628 4.13425 2.0227891 0 P 0
L 4.1203291 1.5066243 4.148168 1.5344632 0 P 0
L 4.1220473 2.9586614 4.1220473 3.0452756 0 P 0
L 4.1279907 0.278031 4.1555498 0.2302973 0 P 0
L 4.1279907 0.278031 4.2302772 0.3370861 0 P 0
L 4.1279907 0.9030714 4.1555498 0.9508051 0 P 0
L 4.1279907 0.9030714 4.2302772 0.8440163 0 P 0
L 4.1358268 2.9586614 4.1358268 3.0452756 0 P 0
L 4.1358268 2.9586614 4.1909449 2.9586614 0 P 0
L 4.1358268 3.0452756 4.1909449 3.0452756 0 P 0
L 4.1555498 0.2302973 4.2578363 0.2893524 0 P 0
L 4.1555498 0.9508051 4.2578363 0.89175 0 P 0
L 4.1909449 2.9586614 4.1909449 3.0452756 0 P 0
L 4.2017712 2.4429127 4.2017712 2.6240151 0 P 0
L 4.2017721 2.6988182 4.2017721 2.8799206 0 P 0
L 4.2283464 1.6545275 4.2283464 2.1889763 0 P 0
L 4.2283464 1.6545275 4.371063 1.511811 0 P 0
L 4.2283464 2.1889763 4.9055118 2.1889763 0 P 0
L 4.2283464 2.5354331 4.2283464 3.0698819 0 P 0
L 4.2283464 2.5354331 4.9055118 2.5354331 0 P 0
L 4.2283464 3.0698819 4.371063 3.2125984 0 P 0
L 4.2302772 0.3370861 4.2578363 0.2893524 0 P 0
L 4.2302772 0.8440163 4.2578363 0.89175 0 P 0
L 4.2692131 0.376022 4.3169468 0.3484629 0 P 0
L 4.2692131 0.376022 4.3282682 0.4783085 0 P 0
L 4.2692131 0.8050804 4.3169468 0.8326395 0 P 0
L 4.2692131 0.8050804 4.3282682 0.7027939 0 P 0
L 4.3169468 0.3484629 4.3760019 0.4507494 0 P 0
L 4.3169468 0.8326395 4.3760019 0.730353 0 P 0
L 4.3282682 0.4783085 4.3760019 0.4507494 0 P 0
L 4.3282682 0.7027939 4.3760019 0.730353 0 P 0
L 4.3425198 0.5314961 4.3425198 0.6496063 0 P 0
L 4.3425198 0.5314961 4.397638 0.5314961 0 P 0
L 4.3425198 0.6496063 4.397638 0.6496063 0 P 0
L 4.371063 1.511811 4.7627952 1.511811 0 P 0
L 4.371063 3.2125984 4.7627952 3.2125984 0 P 0
L 4.397638 0.5314961 4.397638 0.6496063 0 P 0
L 4.7145669 1.1732283 4.7145669 1.2283465 0 P 0
L 4.7145669 1.1732283 4.8326771 1.1732283 0 P 0
L 4.7145669 1.2283465 4.8326771 1.2283465 0 P 0
L 4.7303149 1.3208662 4.7303149 1.3759843 0 P 0
L 4.7303149 1.3208662 4.8169291 1.3208662 0 P 0
L 4.7303149 1.3759843 4.8169291 1.3759843 0 P 0
L 4.7627952 1.511811 4.9055118 1.6545275 0 P 0
L 4.7627952 3.2125984 4.9055118 3.0698819 0 P 0
L 4.8169291 1.3208662 4.8169291 1.3759843 0 P 0
L 4.8326771 1.1732283 4.8326771 1.2283465 0 P 0
L 4.9055118 1.6545275 4.9055118 2.1889763 0 P 0
L 4.9055118 2.5354331 4.9055118 3.0698819 0 P 0
L 4.9330706 0.531496 4.9330706 0.6496062 0 P 0
L 4.9330706 0.531496 4.9881888 0.531496 0 P 0
L 4.9330706 0.6496062 4.9881888 0.6496062 0 P 0
L 4.9547067 0.4507494 5.0024404 0.4783085 0 P 0
L 4.9547067 0.4507494 5.0137618 0.3484629 0 P 0
L 4.9547067 0.730353 5.0024404 0.7027939 0 P 0
L 4.9547067 0.730353 5.0137618 0.8326395 0 P 0
L 4.9881888 0.531496 4.9881888 0.6496062 0 P 0
L 5.0024404 0.4783085 5.0614955 0.376022 0 P 0
L 5.0024404 0.7027939 5.0614955 0.8050804 0 P 0
L 5.0137618 0.3484629 5.0614955 0.376022 0 P 0
L 5.0137618 0.8326395 5.0614955 0.8050804 0 P 0
L 5.0728723 0.2893524 5.1004314 0.3370861 0 P 0
L 5.0728723 0.2893524 5.1751588 0.2302973 0 P 0
L 5.1004314 0.3370861 5.2027179 0.278031 0 P 0
L 5.1751588 0.2302973 5.2027179 0.278031 0 P 0
L 5.2559055 0.2086612 5.2559055 0.2637794 0 P 0
L 5.2559055 0.2086612 5.3740157 0.2086612 0 P 0
L 5.2559055 0.2637794 5.3740157 0.2637794 0 P 0
L 5.2559055 0.917323 5.2559055 0.9724412 0 P 0
L 5.2559055 0.917323 5.3740157 0.917323 0 P 0
L 5.2559055 0.9724412 5.3740157 0.9724412 0 P 0
L 5.268933 1.1100024 5.2692216 1.054885 0 P 0
L 5.268933 1.1100024 5.355546 1.1104559 0 P 0
L 5.2692216 1.054885 5.3558346 1.0553385 0 P 0
L 5.355546 1.1104559 5.3558346 1.0553385 0 P 0
L 5.3740157 0.2086612 5.3740157 0.2637794 0 P 0
L 5.3740157 0.917323 5.3740157 0.9724412 0 P 0
L 5.4272033 0.278031 5.4547624 0.2302973 0 P 0
L 5.4272033 0.278031 5.5294898 0.3370861 0 P 0
L 5.4272033 0.9030714 5.4547624 0.9508051 0 P 0
L 5.4272033 0.9030714 5.5294898 0.8440163 0 P 0
L 5.4547624 0.2302973 5.5570489 0.2893524 0 P 0
L 5.4547624 0.9508051 5.5570489 0.89175 0 P 0
L 5.5167323 1.968504 5.5167323 2.2133858 0 P 0
L 5.5167323 1.968504 5.7824803 1.968504 0 P 0
L 5.5167323 2.2133858 5.7824803 2.2133858 0 P 0
L 5.5167323 2.5110237 5.5167323 2.7559055 0 P 0
L 5.5167323 2.5110237 5.7824803 2.5110237 0 P 0
L 5.5167323 2.7559055 5.7824803 2.7559055 0 P 0
L 5.5294898 0.3370861 5.5570489 0.2893524 0 P 0
L 5.5294898 0.8440163 5.5570489 0.89175 0 P 0
L 5.5684257 0.376022 5.6161594 0.3484629 0 P 0
L 5.5684257 0.376022 5.6274808 0.4783085 0 P 0
L 5.5684257 0.8050804 5.6161594 0.8326395 0 P 0
L 5.5684257 0.8050804 5.6274808 0.7027939 0 P 0
L 5.6161594 0.3484629 5.6752145 0.4507494 0 P 0
L 5.6161594 0.8326395 5.6752145 0.730353 0 P 0
L 5.6274808 0.4783085 5.6752145 0.4507494 0 P 0
L 5.6274808 0.7027939 5.6752145 0.730353 0 P 0
L 5.6417324 0.5314961 5.6417324 0.6496063 0 P 0
L 5.6417324 0.5314961 5.6968506 0.5314961 0 P 0
L 5.6417324 0.6496063 5.6968506 0.6496063 0 P 0
L 5.6968506 0.5314961 5.6968506 0.6496063 0 P 0
L 5.7824803 1.968504 5.7824803 2.2133858 0 P 0
L 5.7824803 2.5110237 5.7824803 2.7559055 0 P 0
L 5.8385824 0.5314961 5.8385824 0.6496063 0 P 0
L 5.8385824 0.5314961 5.8937006 0.5314961 0 P 0
L 5.8385824 0.6496063 5.8937006 0.6496063 0 P 0
L 5.8602185 0.4507494 5.9079522 0.4783085 0 P 0
L 5.8602185 0.4507494 5.9192736 0.3484629 0 P 0
L 5.8602185 0.730353 5.9079522 0.7027939 0 P 0
L 5.8602185 0.730353 5.9192736 0.8326395 0 P 0
L 5.871063 1.9204726 5.871063 2.1653544 0 P 0
L 5.871063 1.9204726 6.136811 1.9204726 0 P 0
L 5.871063 2.1653544 6.136811 2.1653544 0 P 0
L 5.871063 2.5590552 5.871063 2.803937 0 P 0
L 5.871063 2.5590552 6.136811 2.5590552 0 P 0
L 5.871063 2.803937 6.136811 2.803937 0 P 0
L 5.8937006 0.5314961 5.8937006 0.6496063 0 P 0
L 5.9079522 0.4783085 5.9670073 0.376022 0 P 0
L 5.9079522 0.7027939 5.9670073 0.8050804 0 P 0
L 5.9192736 0.3484629 5.9670073 0.376022 0 P 0
L 5.9192736 0.8326395 5.9670073 0.8050804 0 P 0
L 5.9783841 0.2893524 6.0059432 0.3370861 0 P 0
L 5.9783841 0.2893524 6.0806706 0.2302973 0 P 0
L 6.0059432 0.3370861 6.1082297 0.278031 0 P 0
L 6.0806706 0.2302973 6.1082297 0.278031 0 P 0
L 6.136811 1.9204726 6.136811 2.1653544 0 P 0
L 6.136811 2.5590552 6.136811 2.803937 0 P 0
L 6.1614173 0.2086612 6.1614173 0.2637794 0 P 0
L 6.1614173 0.2086612 6.2795275 0.2086612 0 P 0
L 6.1614173 0.2637794 6.2795275 0.2637794 0 P 0
L 6.1614173 0.917323 6.1614173 0.9724412 0 P 0
L 6.1614173 0.917323 6.2795275 0.917323 0 P 0
L 6.1614173 0.9724412 6.2795275 0.9724412 0 P 0
L 6.1744448 1.1100024 6.1747334 1.054885 0 P 0
L 6.1744448 1.1100024 6.2610578 1.1104559 0 P 0
L 6.1747334 1.054885 6.2613464 1.0553385 0 P 0
L 6.2610578 1.1104559 6.2613464 1.0553385 0 P 0
L 6.2795275 0.2086612 6.2795275 0.2637794 0 P 0
L 6.2795275 0.917323 6.2795275 0.9724412 0 P 0
L 6.3327151 0.278031 6.3602742 0.2302973 0 P 0
L 6.3327151 0.278031 6.4350016 0.3370861 0 P 0
L 6.3327151 0.9030714 6.3602742 0.9508051 0 P 0
L 6.3327151 0.9030714 6.4350016 0.8440163 0 P 0
L 6.3602742 0.2302973 6.4625607 0.2893524 0 P 0
L 6.3602742 0.9508051 6.4625607 0.89175 0 P 0
L 6.4350016 0.3370861 6.4625607 0.2893524 0 P 0
L 6.4350016 0.8440163 6.4625607 0.89175 0 P 0
L 6.4739375 0.376022 6.5216712 0.3484629 0 P 0
L 6.4739375 0.376022 6.5329926 0.4783085 0 P 0
L 6.4739375 0.8050804 6.5216712 0.8326395 0 P 0
L 6.4739375 0.8050804 6.5329926 0.7027939 0 P 0
L 6.5216712 0.3484629 6.5807263 0.4507494 0 P 0
L 6.5216712 0.8326395 6.5807263 0.730353 0 P 0
L 6.5329926 0.4783085 6.5807263 0.4507494 0 P 0
L 6.5329926 0.7027939 6.5807263 0.730353 0 P 0
L 6.5472442 0.5314961 6.5472442 0.6496063 0 P 0
L 6.5472442 0.5314961 6.6023624 0.5314961 0 P 0
L 6.5472442 0.6496063 6.6023624 0.6496063 0 P 0
L 6.6023624 0.5314961 6.6023624 0.6496063 0 P 0
L 6.7290944 1.6045512 6.7290944 1.6911654 0 P 0
L 6.7290944 1.6045512 6.7842125 1.6045512 0 P 0
L 6.7290944 1.6911654 6.7842125 1.6911654 0 P 0
L 6.7290944 2.2443149 6.7290944 2.3309291 0 P 0
L 6.7290944 2.2443149 6.7842125 2.2443149 0 P 0
L 6.7290944 2.3309291 6.7842125 2.3309291 0 P 0
L 6.7290945 1.7738425 6.7290945 1.8604567 0 P 0
L 6.7290945 1.7738425 6.7842126 1.7738425 0 P 0
L 6.7290945 1.8604567 6.7842126 1.8604567 0 P 0
L 6.7290945 2.4136062 6.7290945 2.5002204 0 P 0
L 6.7290945 2.4136062 6.7842126 2.4136062 0 P 0
L 6.7290945 2.5002204 6.7842126 2.5002204 0 P 0
L 6.7369685 1.4598661 6.7369685 1.5307323 0 P 0
L 6.7369685 1.4598661 6.7763386 1.4598661 0 P 0
L 6.7369685 1.5307323 6.7763386 1.5307323 0 P 0
L 6.7369685 2.0996298 6.7369685 2.170496 0 P 0
L 6.7369685 2.0996298 6.7763386 2.0996298 0 P 0
L 6.7369685 2.170496 6.7763386 2.170496 0 P 0
L 6.7763386 1.4598661 6.7763386 1.5307323 0 P 0
L 6.7763386 2.0996298 6.7763386 2.170496 0 P 0
L 6.7842125 1.6045512 6.7842125 1.6911654 0 P 0
L 6.7842125 2.2443149 6.7842125 2.3309291 0 P 0
L 6.7842126 1.7738425 6.7842126 1.8604567 0 P 0
L 6.7842126 2.4136062 6.7842126 2.5002204 0 P 0
P 3.7893692 2.6118345 1 P 0 0
P 3.9566931 2.4550955 1 P 0 0
P 4.1240151 2.6118339 1 P 0 0
P 4.1240161 2.8677395 1 P 0 0
